0.10000 -0.49920486884883786
0.09995 -0.49920483280185984
0.09990 -0.49920479674694557
0.09985 -0.4992047606860497
0.09980 -0.49920472461822046
0.09975 -0.49920468854342703
0.09970 -0.4992046524616994
0.09965 -0.49920461637294894
0.09960 -0.4992045802775703
0.09955 -0.4992045441748887
0.09950 -0.49920450806591143
0.09945 -0.49920447194985207
0.09940 -0.4992044358260024
0.09935 -0.49920439969595254
0.09930 -0.49920436355905373
0.09925 -0.4992043274146446
0.09920 -0.4992042912639413
0.09915 -0.4992042551062581
0.09910 -0.49920421894139916
0.09905 -0.4992041827695872
0.09900 -0.4992041465906505
0.09895 -0.49920411040541507
0.09890 -0.49920407421280166
0.09885 -0.4992040380132994
0.09880 -0.49920400180673596
0.09875 -0.49920396559333907
0.09870 -0.4992039293730629
0.09865 -0.49920389314536534
0.09860 -0.4992038569113889
0.09855 -0.4992038206703107
0.09850 -0.4992037844218787
0.09845 -0.49920374816686
0.09840 -0.49920371190427415
0.09835 -0.4992036756352438
0.09830 -0.49920363935903517
0.09825 -0.49920360307570466
0.09820 -0.49920356678551087
0.09815 -0.4992035304884849
0.09810 -0.4992034941844341
0.09805 -0.49920345787300974
0.09800 -0.4992034215550195
0.09795 -0.49920338522972785
0.09790 -0.4992033488976887
0.09785 -0.49920331255856404
0.09780 -0.4992032762124036
0.09775 -0.4992032398593126
0.09770 -0.4992032034987543
0.09765 -0.4992031671313583
0.09760 -0.49920313075716294
0.09755 -0.4992030943758149
0.09750 -0.49920305798733694
0.09745 -0.4992030215916575
0.09740 -0.4992029851896768
0.09735 -0.4992029487799563
0.09730 -0.49920291236330444
0.09725 -0.49920287593966395
0.09720 -0.49920283950891314
0.09715 -0.4992028030715411
0.09710 -0.4992027666262638
0.09705 -0.4992027301745606
0.09700 -0.4992026937163071
0.09695 -0.499202657249865
0.09690 -0.49920262077675953
0.09685 -0.49920258429638087
0.09680 -0.49920254780988166
0.09675 -0.49920251131498183
0.09670 -0.4992024748135356
0.09665 -0.49920243830506994
0.09660 -0.4992024017891441
0.09655 -0.49920236526682105
0.09650 -0.4992023287373702
0.09645 -0.4992022922002553
0.09640 -0.49920225565636867
0.09635 -0.4992022191050769
0.09630 -0.49920218254672527
0.09625 -0.49920214598172735
0.09620 -0.4992021094089153
0.09615 -0.4992020728294336
0.09610 -0.4992020362429011
0.09605 -0.4992019996490994
0.09600 -0.4992019630481838
0.09595 -0.4992019264400894
0.09590 -0.49920188982464914
0.09585 -0.4992018532025192
0.09580 -0.49920181657250795
0.09575 -0.49920177993642095
0.09570 -0.4992017432924267
0.09565 -0.49920170664133623
0.09560 -0.49920166998340104
0.09555 -0.49920163331776696
0.09550 -0.4992015966454782
0.09545 -0.4992015599658402
0.09540 -0.4992015232792876
0.09535 -0.4992014865853862
0.09530 -0.4992014498842471
0.09525 -0.4992014131764988
0.09520 -0.4992013764608121
0.09515 -0.49920133973797104
0.09510 -0.49920130300780186
0.09505 -0.49920126627108286
0.09500 -0.499201229526406
0.09495 -0.49920119277506547
0.09490 -0.499201156016624
0.09485 -0.49920111925029204
0.09480 -0.4992010824776196
0.09475 -0.49920104569706375
0.09470 -0.49920100890938995
0.09465 -0.4992009721146161
0.09460 -0.49920093531283466
0.09455 -0.49920089850378335
0.09450 -0.49920086168722555
0.09445 -0.4992008248640268
0.09440 -0.499200788032721
0.09435 -0.49920075119462676
0.09430 -0.49920071434872204
0.09425 -0.49920067749673447
0.09420 -0.49920064063650743
0.09415 -0.4992006037694188
0.09410 -0.4992005668950024
0.09405 -0.4992005300129829
0.09400 -0.4992004931245359
0.09395 -0.49920045622846326
0.09390 -0.499200419324729
0.09385 -0.4992003824139786
0.09380 -0.4992003454962315
0.09375 -0.4992003085707348
0.09370 -0.4992002716384117
0.09365 -0.49920023469845315
0.09360 -0.4992001977512622
0.09355 -0.4992001607969518
0.09350 -0.4992001238349428
0.09345 -0.4992000868660186
0.09340 -0.4992000498894381
0.09335 -0.49920001290608146
0.09330 -0.4991999759155493
0.09325 -0.4991999389166026
0.09320 -0.4991999019113224
0.09315 -0.4991998648985736
0.09310 -0.49919982787814043
0.09305 -0.49919979085058913
0.09300 -0.49919975381552845
0.09295 -0.4991997167732819
0.09290 -0.49919967972391927
0.09285 -0.499199642667141
0.09280 -0.4991996056028543
0.09275 -0.49919956853089736
0.09270 -0.4991995314522523
0.09265 -0.49919949436586525
0.09260 -0.49919945727202764
0.09255 -0.4991994201712409
0.09250 -0.4991993830627705
0.09245 -0.49919934594740467
0.09240 -0.4991993088242663
0.09235 -0.49919927169355677
0.09230 -0.49919923455582954
0.09225 -0.4991991974103386
0.09220 -0.4991991602577446
0.09215 -0.49919912309733816
0.09210 -0.4991990859298198
0.09205 -0.49919904875515797
0.09200 -0.49919901157299157
0.09195 -0.4991989743834249
0.09190 -0.4991989371865091
0.09185 -0.49919889998204525
0.09180 -0.49919886277065567
0.09175 -0.4991988255505611
0.09170 -0.49919878832450115
0.09165 -0.49919875109065864
0.09160 -0.49919871384903375
0.09155 -0.4991986765999797
0.09150 -0.4991986393438875
0.09145 -0.49919860207984224
0.09140 -0.49919856480861996
0.09135 -0.4991985275295168
0.09130 -0.4991984902435316
0.09125 -0.4991984529503058
0.09120 -0.49919841564860007
0.09115 -0.4991983783399882
0.09110 -0.49919834102423355
0.09105 -0.4991983037008326
0.09100 -0.4991982663700731
0.09095 -0.49919822903190225
0.09090 -0.4991981916858326
0.09085 -0.4991981543328441
0.09080 -0.4991981169717649
0.09075 -0.4991980796035307
0.09070 -0.4991980422274364
0.09065 -0.49919800484436605
0.09060 -0.49919796745354517
0.09055 -0.49919793005532653
0.09050 -0.4991978926495867
0.09045 -0.4991978552363809
0.09040 -0.4991978178157305
0.09035 -0.49919778038733337
0.09030 -0.499197742951416
0.09025 -0.4991977055084375
0.09020 -0.49919766805744015
0.09015 -0.49919763059926614
0.09010 -0.4991975931327127
0.09005 -0.4991975556592374
0.09000 -0.4991975181787345
0.08995 -0.4991974806901025
0.08990 -0.49919744319390197
0.08985 -0.49919740569025867
0.08980 -0.4991973681795408
0.08975 -0.4991973306606523
0.08970 -0.49919729313438777
0.08965 -0.49919725560042183
0.08960 -0.4991972189407187
0.08955 -0.49919718139048236
0.08950 -0.49919714383306796
0.08945 -0.49919710626845226
0.08940 -0.4991970686958849
0.08935 -0.4991970311156839
0.08930 -0.49919699352781166
0.08925 -0.49919695593249824
0.08920 -0.49919691832945007
0.08915 -0.4991968807188346
0.08910 -0.49919684310062046
0.08905 -0.4991968054750752
0.08900 -0.4991967678415063
0.08895 -0.4991967302007651
0.08890 -0.4991966925520308
0.08885 -0.4991966548953839
0.08880 -0.4991966172317816
0.08875 -0.49919657956027713
0.08870 -0.49919654188139534
0.08865 -0.49919650419442846
0.08860 -0.4991964665000937
0.08855 -0.49919642879786863
0.08850 -0.49919639108835395
0.08845 -0.4991963533707243
0.08840 -0.49919631564582745
0.08835 -0.4991962779135411
0.08830 -0.4991962401727446
0.08825 -0.49919620242468504
0.08820 -0.499196164669208
0.08815 -0.499196126905645
0.08810 -0.4991960891347869
0.08805 -0.49919605135619194
0.08800 -0.49919601356969895
0.08795 -0.4991959757757682
0.08790 -0.4991959379742085
0.08785 -0.49919590016451226
0.08780 -0.4991958623475308
0.08775 -0.4991958245226087
0.08770 -0.49919578669016407
0.08765 -0.4991957488497156
0.08760 -0.4991957110018496
0.08755 -0.49919567314593
0.08750 -0.4991956352829234
0.08745 -0.4991955974112811
0.08740 -0.49919555953250516
0.08735 -0.4991955216460566
0.08730 -0.4991954837517845
0.08725 -0.4991954458496042
0.08720 -0.4991954079399695
0.08715 -0.49919537002251724
0.08710 -0.49919533209689676
0.08705 -0.4991952941635814
0.08700 -0.4991952562227385
0.08695 -0.4991952182746498
0.08690 -0.499195180318066
0.08685 -0.4991951423541218
0.08680 -0.49919510438215264
0.08675 -0.49919506640244937
0.08670 -0.4991950284149265
0.08665 -0.49919499041957865
0.08660 -0.49919495241675116
0.08655 -0.49919491440565217
0.08650 -0.4991948763872654
0.08645 -0.4991948383611588
0.08640 -0.49919480032684393
0.08635 -0.4991947622849951
0.08630 -0.4991947242352145
0.08625 -0.49919468617735785
0.08620 -0.4991946481118128
0.08615 -0.49919461003874893
0.08610 -0.49919457195756006
0.08605 -0.49919453386856566
0.08600 -0.49919449577205477
0.08595 -0.49919445766757103
0.08590 -0.4991944195545839
0.08585 -0.4991943814346153
0.08580 -0.4991943433068737
0.08575 -0.4991943051706528
0.08570 -0.4991942670266788
0.08565 -0.49919422887525444
0.08560 -0.4991941907157755
0.08555 -0.49919415254845984
0.08550 -0.4991941143730675
0.08545 -0.49919407618956907
0.08540 -0.4991940379987699
0.08535 -0.4991939997997118
0.08530 -0.49919396159336876
0.08525 -0.499193923378769
0.08520 -0.4991938851561295
0.08515 -0.49919384692574875
0.08510 -0.4991938086872817
0.08505 -0.49919377044085966
0.08500 -0.499193732186677
0.08495 -0.4991936939249852
0.08490 -0.49919365565505125
0.08485 -0.49919361737692314
0.08480 -0.4991935790911237
0.08475 -0.4991935407972486
0.08470 -0.49919350249566813
0.08465 -0.4991934641860508
0.08460 -0.4991934258684162
0.08455 -0.499193387542918
0.08450 -0.4991933492097777
0.08445 -0.4991933108682583
0.08440 -0.499193272519161
0.08435 -0.49919323416154454
0.08430 -0.4991931957963359
0.08425 -0.4991931574228837
0.08420 -0.49919311904186897
0.08415 -0.499193080652893
0.08410 -0.4991930422554598
0.08405 -0.4991930038509798
0.08400 -0.4991929654379281
0.08395 -0.4991929270164406
0.08390 -0.49919288858734767
0.08385 -0.4991928501505557
0.08380 -0.49919281170755236
0.08375 -0.4991927732546255
0.08370 -0.4991927347934544
0.08365 -0.4991926963244063
0.08360 -0.4991926578473619
0.08355 -0.4991926193623966
0.08350 -0.4991925808688839
0.08345 -0.4991925423676624
0.08340 -0.4991925038590182
0.08335 -0.499192465341845
0.08330 -0.4991924268167345
0.08325 -0.4991923882832114
0.08320 -0.499192349741873
0.08315 -0.49919231119248114
0.08310 -0.4991922726350819
0.08305 -0.49919223406961
0.08300 -0.49919219549619154
0.08295 -0.49919215691398994
0.08290 -0.49919211832516847
0.08285 -0.4991920797271641
0.08280 -0.49919204112124904
0.08275 -0.4991920025073071
0.08270 -0.4991919638855749
0.08265 -0.49919192525497413
0.08260 -0.49919188661701197
0.08255 -0.49919184938854083
0.08250 -0.49919181073970614
0.08245 -0.49919177208280285
0.08240 -0.49919173341739
0.08235 -0.4991916947444138
0.08230 -0.4991916560626751
0.08225 -0.49919161737348583
0.08220 -0.4991915786765162
0.08215 -0.4991915399707315
0.08210 -0.49919150125692796
0.08205 -0.49919146253534163
0.08200 -0.49919142380542497
0.08195 -0.4991913850673062
0.08190 -0.4991913463212732
0.08185 -0.49919130756710905
0.08180 -0.49919126880420145
0.08175 -0.4991912300341934
0.08170 -0.499191191255468
0.08165 -0.4991911524680202
0.08160 -0.49919111367295677
0.08155 -0.49919107487023384
0.08150 -0.4991910360587341
0.08145 -0.4991909972390432
0.08140 -0.49919095841143873
0.08135 -0.499190919575843
0.08130 -0.4991908807316752
0.08125 -0.49919084187960683
0.08120 -0.49919080301880703
0.08115 -0.49919076415093094
0.08110 -0.4991907252742571
0.08105 -0.4991906863890192
0.08100 -0.499190647495664
0.08095 -0.49919060859449155
0.08090 -0.4991905696845449
0.08085 -0.4991905307672269
0.08080 -0.49919049184108577
0.08075 -0.49919045290714914
0.08070 -0.4991904139645127
0.08065 -0.4991903750144591
0.08060 -0.4991903360554746
0.08055 -0.49919029708819873
0.08050 -0.499190258112639
0.08045 -0.4991902191297627
0.08040 -0.4991901801372235
0.08035 -0.4991901411377246
0.08030 -0.4991901021291667
0.08025 -0.49919006311229436
0.08020 -0.49919002408806584
0.08015 -0.4991899850546244
0.08010 -0.4991899460130826
0.08005 -0.49918990696378446
0.08000 -0.49918986790571584
0.07995 -0.4991898288394231
0.07990 -0.4991897897651809
0.07985 -0.4991897506820851
0.07980 -0.4991897115911678
0.07975 -0.4991896724920168
0.07970 -0.49918963338412964
0.07965 -0.4991895942681409
0.07960 -0.4991895551439077
0.07955 -0.4991895160112312
0.07950 -0.49918947687064597
0.07945 -0.49918943772127156
0.07940 -0.4991893985637728
0.07935 -0.49918935939824727
0.07930 -0.4991893202238907
0.07925 -0.4991892810411323
0.07920 -0.49918924185025343
0.07915 -0.4991892026506591
0.07910 -0.49918916344321684
0.07905 -0.49918912422722567
0.07900 -0.4991890850026362
0.07895 -0.4991890457706736
0.07890 -0.499189006529459
0.07885 -0.4991889672805241
0.07880 -0.4991889280225522
0.07875 -0.49918888875601003
0.07870 -0.4991888494815149
0.07865 -0.499188810198447
0.07860 -0.4991887709075479
0.07855 -0.4991887316084183
0.07850 -0.4991886923006638
0.07845 -0.4991886529840855
0.07840 -0.49918861365914413
0.07835 -0.4991885743259755
0.07830 -0.49918853498446036
0.07825 -0.4991884956334322
0.07820 -0.49918845627535274
0.07815 -0.49918841690821353
0.07810 -0.4991883775327659
0.07805 -0.4991883381490989
0.07800 -0.49918829875662196
0.07795 -0.49918825935601446
0.07790 -0.4991882199468441
0.07785 -0.4991881805290585
0.07780 -0.4991881411029651
0.07775 -0.4991881016684108
0.07770 -0.49918806222532397
0.07765 -0.4991880227738416
0.07760 -0.4991879833143044
0.07755 -0.4991879438454524
0.07750 -0.4991879043684106
0.07745 -0.499187864883382
0.07740 -0.49918782538921846
0.07735 -0.49918778588715657
0.07730 -0.49918774637610236
0.07725 -0.4991877068566295
0.07720 -0.4991876673289275
0.07715 -0.49918762779240844
0.07710 -0.49918758824785014
0.07705 -0.4991875486943362
0.07700 -0.49918750913239157
0.07695 -0.49918746956144994
0.07690 -0.49918742998304133
0.07685 -0.4991873903951989
0.07680 -0.49918735079880516
0.07675 -0.4991873111943991
0.07670 -0.49918727158095105
0.07665 -0.4991872319596446
0.07660 -0.49918719232930403
0.07655 -0.4991871526902801
0.07650 -0.49918711304292596
0.07645 -0.4991870733870729
0.07640 -0.4991870337225495
0.07635 -0.4991869940492594
0.07630 -0.4991869543672031
0.07625 -0.4991869146772223
0.07620 -0.49918687497844094
0.07615 -0.49918683527139696
0.07610 -0.49918679555482104
0.07605 -0.4991867558301405
0.07600 -0.49918671609700555
0.07595 -0.49918667635526165
0.07590 -0.4991866366049846
0.07585 -0.4991865968458134
0.07580 -0.4991865570779726
0.07575 -0.49918651730124963
0.07570 -0.4991864775162524
0.07565 -0.499186437722676
0.07560 -0.49918639792031955
0.07555 -0.4991863581095308
0.07550 -0.4991863182897735
0.07545 -0.49918627846168695
0.07540 -0.4991862386247168
0.07535 -0.4991861987790772
0.07530 -0.49918615892501056
0.07525 -0.49918611906257
0.07520 -0.49918607919096114
0.07515 -0.4991860393102523
0.07510 -0.4991859994214018
0.07505 -0.4991859595240825
0.07500 -0.4991859196174812
0.07495 -0.4991858797026923
0.07490 -0.4991858397790011
0.07485 -0.4991857998463949
0.07480 -0.49918575990567354
0.07475 -0.4991857199557955
0.07470 -0.49918567999704455
0.07465 -0.4991856400300652
0.07460 -0.49918560005417867
0.07455 -0.4991855600691023
0.07450 -0.4991855200759626
0.07445 -0.4991854800733407
0.07440 -0.4991854400629852
0.07435 -0.4991854000430217
0.07430 -0.4991853600143859
0.07425 -0.4991853199775632
0.07420 -0.49918527993162143
0.07415 -0.4991852398771876
0.07410 -0.4991851998136851
0.07405 -0.4991851597413251
0.07400 -0.49918511966028045
0.07395 -0.4991850795707862
0.07390 -0.4991850394719943
0.07385 -0.49918499936434424
0.07380 -0.49918495924801154
0.07375 -0.4991849191234955
0.07370 -0.49918487898927455
0.07365 -0.49918483884718395
0.07360 -0.4991847986955072
0.07355 -0.49918475853528244
0.07350 -0.4991847183662057
0.07345 -0.4991846781883147
0.07340 -0.4991846380017261
0.07335 -0.4991845978063802
0.07330 -0.49918455760188185
0.07325 -0.49918451738875447
0.07320 -0.49918447716664
0.07315 -0.4991844369357639
0.07310 -0.4991843966959765
0.07305 -0.4991843564476064
0.07300 -0.4991843161900718
0.07295 -0.49918427592360065
0.07290 -0.49918423564892517
0.07285 -0.49918419536503866
0.07280 -0.49918415507222474
0.07275 -0.49918411477014296
0.07270 -0.49918407445939805
0.07265 -0.4991840341396853
0.07260 -0.4991839938110493
0.07255 -0.4991839534736312
0.07250 -0.4991839131276901
0.07245 -0.4991838727720579
0.07240 -0.4991838324077996
0.07235 -0.49918379203484076
0.07230 -0.4991837516529279
0.07225 -0.4991837112615064
0.07220 -0.4991836708618762
0.07215 -0.4991836304530018
0.07210 -0.49918359003563295
0.07205 -0.4991835496084576
0.07200 -0.4991835091732213
0.07195 -0.49918346872840813
0.07190 -0.4991834282750776
0.07185 -0.4991833878121481
0.07180 -0.4991833473409906
0.07175 -0.4991833068604673
0.07170 -0.4991832663708942
0.07165 -0.4991832258720865
0.07160 -0.4991831853649508
0.07155 -0.49918314484848875
0.07150 -0.4991831043230755
0.07145 -0.49918306378856775
0.07140 -0.4991830232451339
0.07135 -0.49918298269289507
0.07130 -0.49918294213115944
0.07125 -0.49918290156051615
0.07120 -0.4991828609814134
0.07115 -0.4991828203923483
0.07110 -0.4991827797953162
0.07105 -0.49918273918867967
0.07100 -0.49918269857305647
0.07095 -0.4991826579480924
0.07090 -0.49918261731442687
0.07085 -0.49918257667184107
0.07080 -0.4991825360193494
0.07075 -0.4991824953587741
0.07070 -0.4991824546889783
0.07065 -0.4991824140101083
0.07060 -0.49918237332162974
0.07055 -0.4991823326244313
0.07050 -0.49918229191794417
0.07045 -0.49918225120271265
0.07040 -0.49918221047836914
0.07035 -0.49918216974487173
0.07030 -0.4991821290019634
0.07025 -0.4991820882499589
0.07020 -0.4991820474889965
0.07015 -0.4991820067191595
0.07010 -0.49918196594005987
0.07005 -0.49918192515134296
0.07000 -0.4991818843539698
0.06995 -0.4991818435474461
0.06990 -0.49918180273159024
0.06985 -0.49918176190712005
0.06980 -0.49918172107296815
0.06975 -0.49918168023007536
0.06970 -0.49918163937794346
0.06965 -0.49918159851623745
0.06960 -0.49918155764518796
0.06955 -0.4991815167654998
0.06950 -0.49918147587650075
0.06945 -0.4991814349783226
0.06940 -0.4991813940708157
0.06935 -0.4991813531542193
0.06930 -0.499181312228635
0.06925 -0.4991812712939763
0.06920 -0.499181230349655
0.06915 -0.49918118939615186
0.06910 -0.4991811484340137
0.06905 -0.4991811074618622
0.06900 -0.4991810664810468
0.06895 -0.4991810254903151
0.06890 -0.499180984490954
0.06885 -0.49918094348215597
0.06880 -0.4991809024642303
0.06875 -0.49918086143709334
0.06870 -0.4991808204004882
0.06865 -0.49918077935502037
0.06860 -0.4991807382998763
0.06855 -0.49918069723593594
0.06850 -0.49918065616198415
0.06845 -0.49918061507941575
0.06840 -0.4991805739871858
0.06835 -0.4991805328861191
0.06830 -0.49918049177571533
0.06825 -0.4991804506554217
0.06820 -0.4991804095257808
0.06815 -0.49918036838795793
0.06810 -0.49918032723997446
0.06805 -0.499180286082601
0.06800 -0.49918024491650737
0.06795 -0.4991802037401203
0.06790 -0.4991801625553811
0.06785 -0.4991801213608612
0.06780 -0.4991800801569432
0.06775 -0.49918003894409296
0.06770 -0.4991799977212748
0.06765 -0.49917995648986063
0.06760 -0.49917991524851596
0.06755 -0.4991798739983416
0.06750 -0.49917983273830413
0.06745 -0.49917979146887026
0.06740 -0.49917975019042515
0.06735 -0.49917970890225516
0.06730 -0.4991796676049821
0.06725 -0.49917962629795454
0.06720 -0.4991795849822533
0.06715 -0.49917954365652145
0.06710 -0.4991795023215661
0.06705 -0.4991794609771543
0.06700 -0.4991794196229823
0.06695 -0.49917937826008235
0.06690 -0.49917933688740557
0.06685 -0.49917929550559376
0.06680 -0.4991792541139383
0.06675 -0.4991792127134319
0.06670 -0.4991791713027568
0.06665 -0.49917912988277374
0.06660 -0.4991790884538725
0.06655 -0.49917904701507404
0.06650 -0.4991790055677483
0.06645 -0.4991789641096805
0.06640 -0.499178922642854
0.06635 -0.4991788811663791
0.06630 -0.49917883968057203
0.06625 -0.49917879818480154
0.06620 -0.49917875667965983
0.06615 -0.4991787151652079
0.06610 -0.49917867364144153
0.06605 -0.49917863208627444
0.06600 -0.4991785765655497
0.06595 -0.4991785350068813
0.06590 -0.49917849343867776
0.06585 -0.49917845186108395
0.06580 -0.49917841027382553
0.06575 -0.4991783686770702
0.06570 -0.4991783270706887
0.06565 -0.49917828545478954
0.06560 -0.49917824382938986
0.06555 -0.4991782021943467
0.06550 -0.49917816054978165
0.06545 -0.4991781188956419
0.06540 -0.4991780772318677
0.06535 -0.49917803555853074
0.06530 -0.4991779938756041
0.06525 -0.49917795218307837
0.06520 -0.49917791048100263
0.06515 -0.4991778687692838
0.06510 -0.49917782704796027
0.06505 -0.49917778531700907
0.06500 -0.4991777435763581
0.06495 -0.49917770182622334
0.06490 -0.4991776600664107
0.06485 -0.49917761829690593
0.06480 -0.4991775765178055
0.06475 -0.49917753472907833
0.06470 -0.4991774929307047
0.06465 -0.499177451122663
0.06460 -0.49917740930497995
0.06455 -0.4991773674776248
0.06450 -0.4991773256421756
0.06445 -0.4991772837954837
0.06440 -0.4991772419391068
0.06435 -0.499177200073088
0.06430 -0.4991771581972969
0.06425 -0.4991771163118259
0.06420 -0.49917707441671516
0.06415 -0.4991770325118086
0.06410 -0.4991769905972925
0.06405 -0.49917694867298384
0.06400 -0.4991769067389839
0.06395 -0.49917686479535145
0.06390 -0.49917682284188214
0.06385 -0.4991767808786969
0.06380 -0.49917673890582404
0.06375 -0.49917669692316025
0.06370 -0.49917665493082664
0.06365 -0.4991766129286862
0.06360 -0.4991765709166825
0.06355 -0.4991765288951246
0.06350 -0.49917648686364396
0.06345 -0.4991764448224908
0.06340 -0.4991764027714816
0.06335 -0.4991763607107386
0.06330 -0.4991763186401754
0.06325 -0.49917627655990193
0.06320 -0.4991762344697508
0.06315 -0.4991761923697919
0.06310 -0.4991761502600667
0.06305 -0.499176108140481
0.06300 -0.4991760660112
0.06295 -0.49917602387196763
0.06290 -0.4991759817230469
0.06285 -0.4991759395641859
0.06280 -0.49917589739548857
0.06275 -0.49917585521697944
0.06270 -0.49917581302860775
0.06265 -0.4991757708303862
0.06260 -0.49917572862232223
0.06255 -0.49917569261925165
0.06250 -0.4991756503883384
0.06245 -0.4991756081480998
0.06240 -0.49917556589759143
0.06235 -0.4991755236370677
0.06230 -0.4991754813669159
0.06225 -0.49917543908688894
0.06220 -0.49917539679697465
0.06215 -0.4991753544970578
0.06210 -0.4991753121870628
0.06205 -0.49917526986769756
0.06200 -0.49917522753796056
0.06195 -0.4991751851988032
0.06190 -0.4991751428495486
0.06185 -0.499175100490002
0.06180 -0.4991750581206912
0.06175 -0.49917501574175405
0.06170 -0.4991749733526673
0.06165 -0.4991749309534525
0.06160 -0.4991748885444724
0.06155 -0.49917484612566954
0.06150 -0.49917480369689365
0.06145 -0.4991747612578677
0.06140 -0.49917471880898356
0.06135 -0.49917467635043317
0.06130 -0.49917463388141914
0.06125 -0.49917459140278503
0.06120 -0.49917454891435187
0.06115 -0.4991745064154549
0.06110 -0.49917446390676706
0.06105 -0.4991744213877698
0.06100 -0.499174378859364
0.06095 -0.4991743363207668
0.06090 -0.499174293771722
0.06085 -0.49917425121316233
0.06080 -0.49917420864440226
0.06075 -0.49917416606543696
0.06070 -0.49917412347664064
0.06065 -0.4991740808775655
0.06060 -0.49917403826879486
0.06055 -0.49917399564972126
0.06050 -0.4991739530208686
0.06045 -0.4991739103814472
0.06040 -0.4991738677322313
0.06035 -0.499173825073115
0.06030 -0.4991737824037887
0.06025 -0.49917373972447704
0.06020 -0.4991736970348937
0.06015 -0.4991736543352945
0.06010 -0.4991736116257811
0.06005 -0.49917356890597986
0.06000 -0.4991735261758675
0.05995 -0.4991734834361286
0.05990 -0.49917344068609426
0.05985 -0.49917339792574483
0.05980 -0.499173355155223
0.05975 -0.49917331237469553
0.05970 -0.4991732695839835
0.05965 -0.49917322678326054
0.05960 -0.49917318397255594
0.05955 -0.49917314115126216
0.05950 -0.4991730983200804
0.05945 -0.49917305547865304
0.05940 -0.49917301262681874
0.05935 -0.4991729697651416
0.05930 -0.49917292689348847
0.05925 -0.4991728840112263
0.05920 -0.4991728411189039
0.05915 -0.4991727982162189
0.05910 -0.4991727553037429
0.05905 -0.4991727123807968
0.05900 -0.4991726694474393
0.05895 -0.4991726265041766
0.05890 -0.49917258355088634
0.05885 -0.49917240738005303
0.05880 -0.499172225256399
0.05875 -0.4991720432924118
0.05870 -0.4991718614079976
0.05865 -0.4991716796041672
0.05860 -0.49917149788075943
0.05855 -0.4991713162375963
0.05850 -0.49917113467489077
0.05845 -0.499170953192441
0.05840 -0.49917077179080654
0.05835 -0.49917059046985146
0.05830 -0.4991704092294445
0.05825 -0.49917022814201584
0.05820 -0.499170047066673
0.05815 -0.4991698660727666
0.05810 -0.4991696851597948
0.05805 -0.4991695043274189
0.05800 -0.4991693235766789
0.05795 -0.4991691429069801
0.05790 -0.49916896231553365
0.05785 -0.4991687818082771
0.05780 -0.4991686013826014
0.05775 -0.49916842103844383
0.05770 -0.49916824077586924
0.05765 -0.49916806059480473
0.05760 -0.4991678804957391
0.05755 -0.499167700478168
0.05750 -0.4991675205423192
0.05745 -0.49916734068862934
0.05740 -0.49916716091671637
0.05735 -0.49916698122700665
0.05730 -0.4991668016190413
0.05725 -0.49916662209372115
0.05720 -0.4991664426503407
0.05715 -0.4991662632893197
0.05710 -0.4991660840109502
0.05705 -0.49916590481427503
0.05700 -0.4991657256998416
0.05695 -0.49916554666806756
0.05690 -0.499165367719402
0.05685 -0.49916518885259276
0.05680 -0.4991650100517957
0.05675 -0.4991648313506753
0.05670 -0.4991646527094398
0.05665 -0.49916447417393695
0.05660 -0.4991642957212615
0.05655 -0.4991641173525278
0.05650 -0.4991639390665433
0.05645 -0.499163760863798
0.05640 -0.49916358274417333
0.05635 -0.49916340470824627
0.05630 -0.49916322675554636
0.05625 -0.49916304888681673
0.05620 -0.4991628711012626
0.05615 -0.4991626934019595
0.05610 -0.4991625157839843
0.05605 -0.49916233824961354
0.05600 -0.499162160799599
0.05595 -0.4991619834327957
0.05590 -0.49916180615050887
0.05585 -0.4991616289522293
0.05580 -0.4991614518377319
0.05575 -0.4991612748078752
0.05570 -0.4991610978622927
0.05565 -0.49916092100103887
0.05560 -0.4991607442245461
0.05555 -0.49916056753228477
0.05550 -0.4991603909248335
0.05545 -0.4991602144018362
0.05540 -0.49916003796347463
0.05535 -0.49915986161007364
0.05530 -0.4991596853416236
0.05525 -0.4991595091577354
0.05520 -0.4991593261704488
0.05515 -0.4991591501460209
0.05510 -0.49915897420669214
0.05505 -0.4991587983525077
0.05500 -0.4991586225836152
0.05495 -0.4991584469000332
0.05490 -0.49915827130191553
0.05485 -0.49915809578919684
0.05480 -0.49915792036205153
0.05475 -0.4991577450205399
0.05470 -0.4991575697646371
0.05465 -0.4991573945945887
0.05460 -0.49915721951033826
0.05455 -0.49915704451199205
0.05450 -0.4991568695995655
0.05445 -0.49915669477323305
0.05440 -0.49915652003307304
0.05435 -0.4991563453789636
0.05430 -0.4991561708112714
0.05425 -0.49915599632985963
0.05420 -0.49915582193483576
0.05415 -0.4991556476262778
0.05410 -0.4991554734042617
0.05405 -0.4991552992689072
0.05400 -0.49915512522022454
0.05395 -0.4991549512583601
0.05390 -0.4991547773833341
0.05385 -0.4991546035951351
0.05380 -0.4991544298939739
0.05375 -0.4991542562799289
0.05370 -0.49915408275293655
0.05365 -0.49915390931315073
0.05360 -0.4991537359606858
0.05355 -0.49915356269556227
0.05350 -0.499153389517857
0.05345 -0.49915321642761834
0.05340 -0.4991530434249852
0.05335 -0.4991528705100088
0.05330 -0.499152697682714
0.05325 -0.4991525249432351
0.05320 -0.49915235229161425
0.05315 -0.49915217972793624
0.05310 -0.4991520072522015
0.05305 -0.4991518348646554
0.05300 -0.4991516625652197
0.05295 -0.49915149035399636
0.05290 -0.49915131823113373
0.05285 -0.49915114619657774
0.05280 -0.49915097425047583
0.05275 -0.499150802392993
0.05270 -0.4991506306240616
0.05265 -0.49915045894377735
0.05260 -0.499150287352251
0.05255 -0.4991501158496216
0.05250 -0.4991499444357399
0.05245 -0.49914977311092135
0.05240 -0.49914960187518337
0.05235 -0.4991494307284836
0.05230 -0.4991492596710383
0.05225 -0.49914908870287
0.05220 -0.49914891782402954
0.05215 -0.49914874703460804
0.05210 -0.49914857633461274
0.05205 -0.4991484057242173
0.05200 -0.4991482352035228
0.05195 -0.49914806477251045
0.05190 -0.49914789443130375
0.05185 -0.4991477241799371
0.05180 -0.49914755401856853
0.05175 -0.4991473839471918
0.05170 -0.49914721396586503
0.05165 -0.4991470440746955
0.05160 -0.4991468742738134
0.05155 -0.4991467045632405
0.05150 -0.49914653494302624
0.05145 -0.49914636541338997
0.05140 -0.49914619597420856
0.05135 -0.49914602662566454
0.05130 -0.49914585736778666
0.05125 -0.4991456882007103
0.05120 -0.49914551912448535
0.05115 -0.4991453501392088
0.05110 -0.49914518124492996
0.05105 -0.49914501244163234
0.05100 -0.4991448437295642
0.05095 -0.49914467510871935
0.05090 -0.4991445065791897
0.05085 -0.4991443381409818
0.05080 -0.49914416979429377
0.05075 -0.49914400153903854
0.05070 -0.499143833375498
0.05065 -0.4991436653035919
0.05060 -0.4991434973234542
0.05055 -0.49914332943517126
0.05050 -0.49914316163879535
0.05045 -0.49914299393436945
0.05040 -0.4991428263220447
0.05035 -0.49914265880189423
0.05030 -0.49914249137390204
0.05025 -0.4991423240382087
0.05020 -0.4991421567948969
0.05015 -0.49914199003596876
0.05010 -0.4991418241769126
0.05005 -0.4991416584053304
0.05000 -0.4991414927183966
0.04995 -0.49914132711621517
0.04990 -0.4991411615990247
0.04985 -0.49914099616698404
0.04980 -0.499140830820139
0.04975 -0.4991406655587605
0.04970 -0.4991405003829982
0.04965 -0.4991403352929597
0.04960 -0.4991401702888808
0.04955 -0.49914000537077424
0.04950 -0.49913984053888816
0.04945 -0.4991396756978176
0.04940 -0.49913951103889
0.04935 -0.499139346466697
0.04930 -0.4991391819812823
0.04925 -0.4991390175828591
0.04920 -0.4991388532715552
0.04915 -0.4991386890474866
0.04910 -0.4991385249108199
0.04905 -0.4991383608617863
0.04900 -0.4991381969004113
0.04895 -0.49913803302692755
0.04890 -0.4991378692414387
0.04885 -0.4991377055441102
0.04880 -0.49913754193508636
0.04875 -0.4991373784144117
0.04870 -0.499137214976751
0.04865 -0.4991370516313864
0.04860 -0.4991368751706961
0.04855 -0.4991367120312622
0.04850 -0.49913654898119336
0.04845 -0.4991363860195391
0.04840 -0.49913622314661454
0.04835 -0.4991360603630163
0.04830 -0.4991358976684288
0.04825 -0.49913573506292475
0.04820 -0.4991355725467705
0.04815 -0.4991354101206555
0.04810 -0.4991352477839624
0.04805 -0.49913508553691827
0.04800 -0.4991349233796582
0.04795 -0.4991347613127984
0.04790 -0.4991345997651327
0.04785 -0.499134437886578
0.04780 -0.49913427609852
0.04775 -0.49913411440104055
0.04770 -0.49913395279429124
0.04765 -0.4991337912785853
0.04760 -0.49913362985383947
0.04755 -0.4991334685206716
0.04750 -0.49913330727863886
0.04745 -0.49913314612787973
0.04740 -0.49913298506880643
0.04735 -0.49913282410125465
0.04730 -0.49913266322563343
0.04725 -0.4991325024417166
0.04720 -0.4991323417496204
0.04715 -0.49913218115023056
0.04710 -0.49913202064257817
0.04705 -0.4991318602274134
0.04700 -0.4991316999051316
0.04695 -0.49913153967503965
0.04690 -0.4991313795374639
0.04685 -0.49913121949276257
0.04680 -0.4991310595410793
0.04675 -0.49913089968224755
0.04670 -0.4991313873342167
0.04665 -0.49913193774799486
0.04660 -0.49913248817485023
0.04655 -0.49913303861336245
0.04650 -0.49913358906081956
0.04645 -0.49913413951484314
0.04640 -0.4991346899723113
0.04635 -0.49913524123728714
0.04630 -0.49913579188514606
0.04625 -0.49913634255543493
0.04620 -0.4991368932474882
0.04615 -0.49913744396064
0.04610 -0.49913799469385983
0.04605 -0.49913854544637587
0.04600 -0.49913909621764346
0.04595 -0.49913964700632385
0.04590 -0.499140197810119
0.04585 -0.4991407486284298
0.04580 -0.499141299458451
0.04575 -0.49914185029860686
0.04570 -0.499142401144813
0.04565 -0.49914295199530917
0.04560 -0.49914350284551556
0.04555 -0.4991440536903705
0.04550 -0.49914460531362786
0.04545 -0.4991451562672644
0.04540 -0.4991457072181168
0.04535 -0.4991462581620577
0.04530 -0.49914680909229875
0.04525 -0.4991473600024897
0.04520 -0.49914792856312407
0.04515 -0.4991484800949854
0.04510 -0.49914903166561964
0.04505 -0.4991495832754198
0.04500 -0.4991501349246525
0.04495 -0.4991506866136492
0.04490 -0.4991512383427485
0.04485 -0.4991517901121091
0.04480 -0.4991523419221353
0.04475 -0.49915289377323835
0.04470 -0.4991534456656574
0.04465 -0.49915399759956997
0.04460 -0.49915454957555955
0.04455 -0.49915510159361454
0.04450 -0.49915565365419473
0.04445 -0.49915620575768094
0.04440 -0.499156757904345
0.04435 -0.49915731009444486
0.04430 -0.49915786232829823
0.04425 -0.4991584146062808
0.04420 -0.49915896692857775
0.04415 -0.4991595192955893
0.04410 -0.499160071707666
0.04405 -0.4991606241649796
0.04400 -0.4991611766679898
0.04395 -0.4991617292168264
0.04390 -0.49916228181188294
0.04385 -0.49916283445356563
0.04380 -0.49916338714211855
0.04375 -0.4991639398778469
0.04370 -0.4991644926609135
0.04365 -0.49916504549185964
0.04360 -0.49916559837097263
0.04355 -0.49916615129843533
0.04350 -0.49916670427461696
0.04345 -0.4991672572998553
0.04340 -0.4991678103743242
0.04335 -0.49916836349845484
0.04330 -0.49916891667264585
0.04325 -0.49916946989701594
0.04320 -0.4991700231721307
0.04315 -0.49917057649795277
0.04310 -0.4991711298750022
0.04305 -0.4991716833037476
0.04300 -0.4991722367840898
0.04295 -0.4991727903167798
0.04290 -0.4991733439018382
0.04285 -0.49917389753972585
0.04280 -0.49917445123064924
0.04275 -0.4991750049750242
0.04270 -0.4991755587731167
0.04265 -0.49917611262528466
0.04260 -0.49917666653177534
0.04255 -0.49917722049297664
0.04250 -0.4991777745091913
0.04245 -0.49917832858060146
0.04240 -0.49917888270769195
0.04235 -0.499179436890648
0.04230 -0.4991799911299775
0.04225 -0.49918054542596985
0.04220 -0.49918109977865605
0.04215 -0.49918165418882665
0.04210 -0.4991822086562524
0.04205 -0.4991827631817369
0.04200 -0.49918331776540703
0.04195 -0.49918387240757045
0.04190 -0.49918442710849453
0.04185 -0.49918498186864574
0.04180 -0.4991855366882951
0.04175 -0.4991860915676835
0.04170 -0.4991866465072324
0.04165 -0.49918720150727075
0.04160 -0.4991877565681039
0.04155 -0.4991883116901401
0.04150 -0.49918886687341835
0.04145 -0.499189422118667
0.04140 -0.49918997742583243
0.04135 -0.4991905327955768
0.04130 -0.4991910882279964
0.04125 -0.4991916437235431
0.04120 -0.499192199282513
0.04115 -0.49919275490510406
0.04110 -0.49919331059194416
0.04105 -0.4991938663433116
0.04100 -0.4991944221592099
0.04095 -0.49919497804030377
0.04090 -0.4991955339868226
0.04085 -0.49919608999905163
0.04080 -0.4991966460774595
0.04075 -0.4991972022223084
0.04070 -0.49919775843384206
0.04065 -0.4991983147125924
0.04060 -0.49919887135882335
0.04055 -0.4991994276330658
0.04050 -0.4991999837556708
0.04045 -0.4992005399701573
0.04040 -0.49920109632235815
0.04035 -0.499201653335479
0.04030 -0.49920221069270865
0.04025 -0.499202767673019
0.04020 -0.4992033245323697
0.04015 -0.49920388137872107
0.04010 -0.49920443826955774
0.04005 -0.4992049952324006
0.04000 -0.4992055522795598
0.03995 -0.4992061094161278
0.03990 -0.49920666664321445
0.03985 -0.4992072239606226
0.03980 -0.4992077813673146
0.03975 -0.49920833886152804
0.03970 -0.49920889644249605
0.03965 -0.49920945410878725
0.03960 -0.49921001185878294
0.03955 -0.4992105696924355
0.03950 -0.499211127608456
0.03945 -0.4992116856061438
0.03940 -0.4992122436851686
0.03935 -0.4992128018455707
0.03930 -0.49921336008700656
0.03925 -0.4992139184086103
0.03920 -0.49921447681098885
0.03915 -0.49921503529385897
0.03910 -0.4992155944082983
0.03905 -0.49921615299506605
0.03900 -0.49921671166602116
0.03895 -0.4992172704213003
0.03890 -0.49921782926119523
0.03885 -0.4992183881858462
0.03880 -0.49921894719528404
0.03875 -0.4992195062896063
0.03870 -0.49922006546917486
0.03865 -0.49922062473391776
0.03860 -0.49922118408374194
0.03855 -0.49922174351930765
0.03850 -0.49922230303978676
0.03845 -0.49922286264656
0.03840 -0.4992234223387943
0.03835 -0.49922398211718017
0.03830 -0.4992245419819767
0.03825 -0.49922510193294933
0.03820 -0.4992256619707643
0.03815 -0.49922622209547973
0.03810 -0.49922678230765855
0.03805 -0.4992273426069443
0.03800 -0.49922790299443737
0.03795 -0.49922846346967725
0.03790 -0.49922902403330555
0.03785 -0.49922958468596207
0.03780 -0.4992301454270016
0.03775 -0.49923070625767657
0.03770 -0.49923126717814253
0.03765 -0.49923182818842804
0.03760 -0.4992323892890612
0.03755 -0.4992329504804403
0.03750 -0.4992335117632353
0.03745 -0.4992340731374043
0.03740 -0.4992346346030494
0.03735 -0.4992351961610673
0.03730 -0.49923575781134916
0.03725 -0.4992363195545847
0.03720 -0.49923688139193884
0.03715 -0.4992374433223015
0.03710 -0.4992380053465375
0.03705 -0.49923856746582956
0.03700 -0.4992391296795262
0.03695 -0.49923969198870166
0.03690 -0.4992402543937165
0.03685 -0.49924081689494176
0.03680 -0.4992413794921513
0.03675 -0.49924194218597473
0.03670 -0.49924250497761025
0.03665 -0.49924306786737294
0.03660 -0.49924363085499
0.03655 -0.499244193941428
0.03650 -0.4992447571263182
0.03645 -0.4992453204113573
0.03640 -0.49924588379578066
0.03635 -0.49924644728029516
0.03630 -0.4992470108659592
0.03625 -0.4992475745522648
0.03620 -0.4992481383405445
0.03615 -0.499248702231067
0.03610 -0.4992492662232905
0.03605 -0.49924983030528614
0.03600 -0.49925039450362
0.03595 -0.49925095880514714
0.03590 -0.4992515232111335
0.03585 -0.4992520877215804
0.03580 -0.4992526523371857
0.03575 -0.49925321705878334
0.03570 -0.49925378100415924
0.03565 -0.4992543459422299
0.03560 -0.49925491098752683
0.03555 -0.49925547614041554
0.03550 -0.4992560414010189
0.03545 -0.4992566067699948
0.03540 -0.49925717224815824
0.03535 -0.4992577378355613
0.03530 -0.49925830353267997
0.03525 -0.4992588693398071
0.03520 -0.4992594352582183
0.03515 -0.49926000128723863
0.03510 -0.49926056742793473
0.03505 -0.49926113368127273
0.03500 -0.4992617000468151
0.03495 -0.49926226652543015
0.03490 -0.4992628331170363
0.03485 -0.49926339982299067
0.03480 -0.4992639666434416
0.03475 -0.49926453357931966
0.03470 -0.49926510062968404
0.03465 -0.49926566779676484
0.03460 -0.49926623507942774
0.03455 -0.49926680247938027
0.03450 -0.49926737137273036
0.03445 -0.49926793900569805
0.03440 -0.49926850675747203
0.03435 -0.4992690746280578
0.03430 -0.49926964261774964
0.03425 -0.49927021072724387
0.03420 -0.4992707789569866
0.03415 -0.4992713473077484
0.03410 -0.49927191577997404
0.03405 -0.49927248438051736
0.03400 -0.49927305309696435
0.03395 -0.4992736219363458
0.03390 -0.4992741908987055
0.03385 -0.49927475998583665
0.03380 -0.49927532919676265
0.03375 -0.49927589853293314
0.03370 -0.4992764679947514
0.03365 -0.49927703758212905
0.03360 -0.49927760729650517
0.03355 -0.49927817713763784
0.03350 -0.49927874710675607
0.03345 -0.49927931720348756
0.03340 -0.4992798874294913
0.03335 -0.4992804577844902
0.03330 -0.4992810282692827
0.03325 -0.4992815988837751
0.03320 -0.49928216963027855
0.03315 -0.499282740507334
0.03310 -0.4992833115165877
0.03305 -0.499283882658308
0.03300 -0.49928445393370396
0.03295 -0.4992850253419316
0.03290 -0.49928559688362173
0.03285 -0.49928616856142066
0.03280 -0.4992867403740416
0.03275 -0.4992873123221372
0.03270 -0.49928788440731314
0.03265 -0.4992884566290741
0.03260 -0.49928902898925137
0.03255 -0.4992896014863055
0.03250 -0.4992901741229741
0.03245 -0.4992907468988
0.03240 -0.4992913198141251
0.03235 -0.4992918928704376
0.03230 -0.49929246606725586
0.03225 -0.49929303940640046
0.03220 -0.4992936128873545
0.03215 -0.49929418651160934
0.03210 -0.4992947602787251
0.03205 -0.49929533419012095
0.03200 -0.49929590824624953
0.03195 -0.49929648244782765
0.03190 -0.499297056794228
0.03185 -0.4992976312881241
0.03180 -0.49929820592889823
0.03175 -0.49929878071752276
0.03170 -0.4992993556542325
0.03165 -0.4992999307397805
0.03160 -0.499300505975526
0.03155 -0.49930108136123025
0.03150 -0.4993016568974619
0.03145 -0.49930223258535317
0.03140 -0.4993028084251119
0.03135 -0.49930338441770433
0.03130 -0.4993039605637181
0.03125 -0.4993045368641504
0.03120 -0.49930511331909244
0.03115 -0.4993056899292188
0.03110 -0.4993062666949996
0.03105 -0.4993068436186179
0.03100 -0.49930742069826456
0.03095 -0.49930799793654623
0.03090 -0.49930857533338635
0.03085 -0.49930915288946315
0.03080 -0.4993097306053937
0.03075 -0.4993103084822888
0.03070 -0.49931088652051897
0.03065 -0.4993114647204895
0.03060 -0.4993120430835154
0.03055 -0.4993126216142066
0.03050 -0.4993132003046844
0.03045 -0.499313779159813
0.03040 -0.4993143581807789
0.03035 -0.4993149373676032
0.03030 -0.4993155167212322
0.03025 -0.4993160962430772
0.03020 -0.4993166759339564
0.03015 -0.49931725579214364
0.03010 -0.4993178358212131
0.03005 -0.4993184160205674
0.03000 -0.49931899639025423
0.02995 -0.49931957693292794
0.02990 -0.499320157648642
0.02985 -0.4993207385369823
0.02980 -0.49932131959963644
0.02975 -0.499321900837353
0.02970 -0.4993224822509014
0.02965 -0.4993230638408381
0.02960 -0.49932364560784426
0.02955 -0.49932422755276895
0.02950 -0.49932480953999037
0.02945 -0.49932539184356706
0.02940 -0.49932597432705134
0.02935 -0.49932655699218575
0.02930 -0.49932713983956784
0.02925 -0.4993277228688383
0.02920 -0.4993283060816649
0.02915 -0.49932888947921883
0.02910 -0.4993294730615977
0.02905 -0.49933005683032766
0.02900 -0.49933064078482037
0.02895 -0.4993312249276812
0.02890 -0.49933180925886195
0.02885 -0.49933239377860333
0.02880 -0.4993329784886728
0.02875 -0.4993335633890154
0.02870 -0.49933414848174834
0.02865 -0.4993347337668164
0.02860 -0.49933531924535
0.02855 -0.4993359049171192
0.02850 -0.49933649078500664
0.02845 -0.4993370768494063
0.02840 -0.49933766310963135
0.02835 -0.4993382495682465
0.02830 -0.4993388362243867
0.02825 -0.49933942307986007
0.02820 -0.4993400102791159
0.02815 -0.49934059753692617
0.02810 -0.49934118566936503
0.02805 -0.4993417733408405
0.02800 -0.49934236121644476
0.02795 -0.4993429492969359
0.02790 -0.4993435375825289
0.02785 -0.49934412607554485
0.02780 -0.49934471477651204
0.02775 -0.49934530368588165
0.02770 -0.49934589280474556
0.02765 -0.4993464821341013
0.02760 -0.499347071674519
0.02755 -0.4993476614284772
0.02750 -0.4993482513946753
0.02745 -0.49934884157644266
0.02740 -0.4993494319723813
0.02735 -0.49935002258539823
0.02730 -0.49935061341543296
0.02725 -0.49935120446494724
0.02720 -0.4993517957322041
0.02715 -0.499352387220442
0.02710 -0.49935297893063063
0.02705 -0.49935357086289595
0.02700 -0.4993541630182901
0.02695 -0.4993547553982969
0.02690 -0.49935534800417825
0.02685 -0.49935594083654344
0.02680 -0.49935653389721824
0.02675 -0.49935712718543107
0.02670 -0.4993577207043998
0.02665 -0.49935831445438855
0.02660 -0.4993589084357205
0.02655 -0.4993595026497642
0.02650 -0.499360097099684
0.02645 -0.4993606917837224
0.02640 -0.4993612867043777
0.02635 -0.49936188186275665
0.02630 -0.49936247726007277
0.02625 -0.49936307289755255
0.02620 -0.49936366877552096
0.02615 -0.4993642648960336
0.02610 -0.49936486125913204
0.02605 -0.49936545786785336
0.02600 -0.49936605472192097
0.02595 -0.4993666518233586
0.02590 -0.49936724917258934
0.02585 -0.49936784471905454
0.02580 -0.4993684425331467
0.02575 -0.49936904059748866
0.02570 -0.4993696389151986
0.02565 -0.49937023748428216
0.02560 -0.49937083630705636
0.02555 -0.4993714353862572
0.02550 -0.49937203472167135
0.02545 -0.4993726343145473
0.02540 -0.4993731824039701
0.02535 -0.4993737819501087
0.02530 -0.4993743817526457
0.02525 -0.499374981813007
0.02520 -0.4993755821323234
0.02515 -0.49937618279455737
0.02510 -0.49937678363805005
0.02505 -0.4993773847444161
0.02500 -0.49937798611496015
0.02495 -0.4993785877507746
0.02490 -0.4993791896536761
0.02485 -0.49937979182444975
0.02480 -0.49938039426468167
0.02475 -0.49938099697563104
0.02470 -0.4993815999588969
0.02465 -0.4993822032155556
0.02460 -0.49938280674702246
0.02455 -0.49938341055484575
0.02450 -0.49938401464054594
0.02445 -0.4993846189414595
0.02440 -0.4993852235848461
0.02435 -0.49938582851036123
0.02430 -0.4993865327899107
0.02425 -0.49938734772323673
0.02420 -0.49938816474501174
0.02415 -0.49938898386488734
0.02410 -0.49938980509320974
0.02405 -0.499390628439769
0.02400 -0.4993914540806762
0.02395 -0.4993922816899654
0.02390 -0.4993931114491709
0.02385 -0.49939394336855714
0.02380 -0.49939477745879907
0.02375 -0.4993956137307101
0.02370 -0.49939645219490825
0.02365 -0.49939729286188134
0.02360 -0.4993981357431972
0.02355 -0.4993989808494465
0.02350 -0.49939982819217105
0.02345 -0.499400677782253
0.02340 -0.4994015296313695
0.02335 -0.4994023837509633
0.02330 -0.499403240152662
0.02325 -0.49940409884777004
0.02320 -0.4994049598489168
0.02315 -0.4994058231672988
0.02310 -0.4994066888153193
0.02305 -0.49940755680552046
0.02300 -0.49940842714974987
0.02295 -0.49940929986107835
0.02290 -0.49941017495161766
0.02285 -0.4994110524345639
0.02280 -0.49941193232262254
0.02275 -0.4994128146290233
0.02270 -0.49941369936709934
0.02265 -0.49941458655035775
0.02260 -0.4994154761922424
0.02255 -0.4994163683064781
0.02250 -0.49941726290767435
0.02245 -0.4994181600092408
0.02240 -0.4994190596256958
0.02235 -0.49941996177215064
0.02230 -0.4994208664624775
0.02225 -0.49942177371254637
0.02220 -0.49942268353727215
0.02215 -0.4994235959519593
0.02210 -0.49942451097241797
0.02205 -0.49942542861454514
0.02200 -0.49942634889433346
0.02195 -0.49942657374157345
0.02190 -0.4994274657313855
0.02185 -0.49942835972966065
0.02180 -0.49942925527892346
0.02175 -0.4994301532931264
0.02170 -0.49943105332377685
0.02165 -0.4994319552757332
0.02160 -0.4994328593432459
0.02155 -0.49943376546814094
0.02150 -0.4994346735730754
0.02145 -0.4994355837063841
0.02140 -0.4994364958701183
0.02135 -0.49943741006631254
0.02130 -0.4994383262968458
0.02125 -0.49943924456341665
0.02120 -0.49944016486780074
0.02115 -0.49944112486402054
0.02110 -0.49944209682121826
0.02105 -0.4994430707410998
0.02100 -0.49944404686705085
0.02095 -0.49944502507317606
0.02090 -0.4994460053598144
0.02085 -0.4994469877270942
0.02080 -0.4994479721771144
0.02075 -0.4994489587085238
0.02070 -0.49944994732089293
0.02065 -0.49945093801462737
0.02060 -0.49945193078877015
0.02055 -0.49945292564325644
0.02050 -0.49945392257720717
0.02045 -0.49945492158952554
0.02040 -0.4994559226794721
0.02035 -0.4994569258457407
0.02030 -0.49945793108697767
0.02025 -0.4994589384016492
0.02020 -0.49945994778806047
0.02015 -0.49946095924207407
0.02010 -0.4994619727654165
0.02005 -0.49946298835427533
0.02000 -0.4994640060060959
0.01995 -0.4994650257180646
0.01990 -0.4994660474871351
0.01985 -0.4994670713101061
0.01980 -0.4994680971841965
0.01975 -0.49946912510535335
0.01970 -0.4994701550699351
0.01965 -0.4994711870736394
0.01960 -0.49947222111246314
0.01955 -0.4994732572747527
0.01950 -0.49947429537546206
0.01945 -0.4994753354810245
0.01940 -0.4994763776180619
0.01935 -0.499477421765266
0.01930 -0.4994784679171214
0.01925 -0.4994795160673569
0.01920 -0.4994805662094427
0.01915 -0.49948161833679683
0.01910 -0.499482672442863
0.01905 -0.49948372594096235
0.01900 -0.4994847839479552
0.01895 -0.4994858439078866
0.01890 -0.4994869058123254
0.01885 -0.49948796965210923
0.01880 -0.4994890354181679
0.01875 -0.49949010310086217
0.01870 -0.4994911726901704
0.01865 -0.4994922441756872
0.01860 -0.4994933175465043
0.01855 -0.4994943927914041
0.01850 -0.49949546989865873
0.01845 -0.499496548853789
0.01840 -0.4994976296486355
0.01835 -0.4994987122679221
0.01830 -0.4994997966980484
0.01825 -0.4995008829248836
0.01820 -0.49950197093377846
0.01815 -0.49950306070957473
0.01810 -0.4995041522365253
0.01805 -0.4995052454983407
0.01800 -0.49950634047811215
0.01795 -0.4995074371583374
0.01790 -0.49950853552089763
0.01785 -0.4995096355470979
0.01780 -0.49951073721743505
0.01775 -0.49951184051185454
0.01770 -0.4995129454054469
0.01765 -0.49951405188461145
0.01760 -0.4995151599233806
0.01755 -0.49951626949882216
0.01750 -0.4995173805854695
0.01745 -0.4995184931604782
0.01740 -0.49951960719785926
0.01735 -0.49952072267172504
0.01730 -0.4995218395551053
0.01725 -0.4995229578201441
0.01720 -0.49952407713877606
0.01715 -0.49952519874593027
0.01710 -0.4995263216225609
0.01705 -0.49952744587083986
0.01700 -0.4995285711889352
0.01695 -0.49952968308349915
0.01690 -0.49953081137011296
0.01685 -0.49953194073501583
0.01680 -0.4995330711466726
0.01675 -0.49953420256778386
0.01670 -0.4995353360099671
0.01665 -0.49953646934718493
0.01660 -0.4995376036043788
0.01655 -0.4995387387484196
0.01650 -0.4995398747737955
0.01645 -0.4995410116015425
0.01640 -0.4995421492168933
0.01635 -0.4995433154225524
0.01630 -0.49954449521068295
0.01625 -0.4995456768980761
0.01620 -0.4995468604728655
0.01615 -0.4995480459226606
0.01610 -0.49954923323462375
0.01605 -0.49955042239601305
0.01600 -0.49955161339349036
0.01595 -0.49955280621314724
0.01590 -0.49955400084142015
0.01585 -0.49955519726389236
0.01580 -0.49955639546630964
0.01575 -0.49955759543295003
0.01570 -0.4995587971493582
0.01565 -0.49956000059907096
0.01560 -0.49956120576610696
0.01555 -0.4995624126337785
0.01550 -0.49956362118621644
0.01545 -0.49956483140816266
0.01540 -0.49956604328287624
0.01535 -0.49956725679115493
0.01530 -0.49956847191428055
0.01525 -0.49956968863326573
0.01520 -0.4995709069296695
0.01515 -0.4995721267835623
0.01510 -0.4995733455599677
0.01505 -0.4995745685397571
0.01500 -0.4995757930194656
0.01495 -0.49957701897866647
0.01490 -0.4995782463966973
0.01485 -0.4995794752521396
0.01480 -0.4995807055236915
0.01475 -0.4995819371891534
0.01470 -0.4995831702261172
0.01465 -0.49958440461224723
0.01460 -0.49958564032457836
0.01455 -0.49958687733943985
0.01450 -0.49958811563304384
0.01445 -0.4995893551815048
0.01440 -0.49959059595972655
0.01435 -0.4995918379430806
0.01430 -0.49959308110606515
0.01425 -0.4995943254230437
0.01420 -0.49959557086780465
0.01415 -0.4995968174138461
0.01410 -0.4995980650344095
0.01405 -0.4995993137206036
0.01400 -0.499600563408981
0.01395 -0.49960181408864396
0.01390 -0.4996030657309313
0.01385 -0.4996043183219082
0.01380 -0.4996055718031887
0.01375 -0.4996068261588535
0.01370 -0.49960808135992174
0.01365 -0.49960933736754976
0.01360 -0.4996105988887617
0.01355 -0.4996119253177707
0.01350 -0.49961325264023954
0.01345 -0.49961458081275134
0.01340 -0.49961590979556764
0.01335 -0.4996172395199536
0.01330 -0.49961857002044796
0.01325 -0.4996199012354963
0.01320 -0.49962123313786844
0.01315 -0.49962256570236835
0.01310 -0.49962389890571673
0.01305 -0.49962523272513343
0.01300 -0.49962656713914916
0.01295 -0.4996279021268568
0.01290 -0.49962923766857675
0.01285 -0.49963057374429165
0.01280 -0.4996319103348927
0.01275 -0.49963324740407894
0.01270 -0.4996345849685661
0.01265 -0.49963592299194215
0.01260 -0.4996372614546788
0.01255 -0.49963860033912555
0.01250 -0.4996399396265425
0.01245 -0.4996412792988683
0.01240 -0.49964261933795034
0.01235 -0.49964395972557246
0.01230 -0.4996453004437549
0.01225 -0.49964664147466153
0.01220 -0.4996479828004705
0.01215 -0.4996493244036815
0.01210 -0.49965066626626137
0.01205 -0.4996520083717113
0.01200 -0.49965335070214295
0.01195 -0.49965469322578393
0.01190 -0.49965603595585073
0.01185 -0.4996573788586215
0.01180 -0.49965872193130684
0.01175 -0.49966006513585143
0.01170 -0.4996614085022655
0.01165 -0.49966275198352295
0.01160 -0.4996640955666294
0.01155 -0.4996654392384971
0.01150 -0.49966678298738476
0.01145 -0.4996681268015519
0.01140 -0.49966947067059514
0.01135 -0.4996708145855864
0.01130 -0.4996721585370674
0.01125 -0.4996735025190021
0.01120 -0.4996748465232586
0.01115 -0.4996761905469179
0.01110 -0.4996775345849965
0.01105 -0.4996788786362096
0.01100 -0.49968022269997553
0.01095 -0.4996815667772715
0.01090 -0.4996829108709219
0.01085 -0.4996842549872816
0.01080 -0.4996855991317592
0.01075 -0.49968694331609415
0.01070 -0.4996882875507791
0.01065 -0.49968963185236237
0.01060 -0.4996909762403096
0.01055 -0.49969232073741626
0.01050 -0.49969366537436344
0.01045 -0.4996950094041818
0.01040 -0.499696354214574
0.01035 -0.4996976992151238
0.01030 -0.49969904444292235
0.01025 -0.49970038993723037
0.01020 -0.4997017358002387
0.01015 -0.49970308194471946
0.01010 -0.4997044284658815
0.01005 -0.49970577530441257
0.01000 -0.49970712244940013
0.00995 -0.4997084702649319
0.00990 -0.4997098188810435
0.00985 -0.49971116501208573
0.00980 -0.4997164357760098
0.00975 -0.4997174775783733
0.00970 -0.49971851867300837
0.00965 -0.49971955850020794
0.00960 -0.4997205966208819
0.00955 -0.49972163351129506
0.00950 -0.4997226692793815
0.00945 -0.49972370279961237
0.00940 -0.49972473610523055
0.00935 -0.4997257460970501
0.00930 -0.49972677307648494
0.00925 -0.4997277983079096
0.00920 -0.49972882177132244
0.00915 -0.4997298434504856
0.00910 -0.49973086382578197
0.00905 -0.49973188194943735
0.00900 -0.49973289825801126
0.00895 -0.4997339127557286
0.00890 -0.49973492544828424
0.00885 -0.49973593634525737
0.00880 -0.49973694546078223
0.00875 -0.49973795282435846
0.00870 -0.49973895843491806
0.00865 -0.49973996233262996
0.00860 -0.49974096454979683
0.00855 -0.49974196512444957
0.00850 -0.49974296410439495
0.00845 -0.49974396151841083
0.00840 -0.4997449574332816
0.00835 -0.4997459519073021
0.00830 -0.49974694500463235
0.00825 -0.4997479357262257
0.00820 -0.49974892626241246
0.00815 -0.4997499156502585
0.00810 -0.4997509039776904
0.00805 -0.49975189133877546
0.00800 -0.4997528778338966
0.00795 -0.4997538635695881
0.00790 -0.49975484865981495
0.00785 -0.499755833224358
0.00780 -0.49975681739007227
0.00775 -0.4997578011717197
0.00770 -0.4997587850233549
0.00765 -0.49975976885780166
0.00760 -0.4997607528196682
0.00755 -0.4997617370919635
0.00750 -0.49976272183800147
0.00745 -0.4997637072351045
0.00740 -0.49976469347080266
0.00735 -0.49976568073974925
0.00730 -0.49976666924470126
0.00725 -0.49976765919668886
0.00720 -0.4997686508152988
0.00715 -0.4997696268757219
0.00710 -0.49977062293051877
0.00705 -0.4997716213713823
0.00700 -0.49977262245547355
0.00695 -0.49977362644899304
0.00690 -0.4997746336296793
0.00685 -0.49977564428521876
0.00680 -0.4997766587146561
0.00675 -0.49977767722814803
0.00670 -0.4997787001268921
0.00665 -0.4997797261098954
0.00660 -0.4997807586295656
0.00655 -0.49978179656657185
0.00650 -0.4997828402942533
0.00645 -0.4997838901988938
0.00640 -0.4997849466822741
0.00635 -0.49978601016368385
0.00630 -0.49978708107944814
0.00625 -0.49978815988488706
0.00620 -0.4997892470555566
0.00615 -0.4997903430889392
0.00610 -0.49979144850473434
0.00605 -0.4997925638499536
0.00600 -0.49979368969637483
0.00595 -0.4997948266435331
0.00590 -0.49979597532072545
0.00585 -0.49979713628263495
0.00580 -0.49979779737351854
0.00575 -0.4997988936071024
0.00570 -0.49979999743638537
0.00565 -0.4998011087325339
0.00560 -0.49980222770962945
0.00555 -0.4998033545847487
0.00550 -0.49980448953363327
0.00545 -0.4998056327667613
0.00540 -0.49980678446874593
0.00535 -0.49980794481610447
0.00530 -0.4998091139777952
0.00525 -0.4998102920890604
0.00520 -0.49981147930645037
0.00515 -0.4998126757945567
0.00510 -0.49981388173553665
0.00505 -0.49981509819810804
0.00500 -0.49981632384424696
0.00495 -0.4998175567800941
0.00490 -0.4998187989751205
0.00485 -0.4998200505501915
0.00480 -0.49982130638317707
0.00475 -0.4998225770245065
0.00470 -0.4998238567352051
0.00465 -0.49982514532438144
0.00460 -0.49982644255455994
0.00455 -0.4998277481402175
0.00450 -0.4998290617486302
0.00445 -0.49983038300493665
0.00440 -0.4998317115054274
0.00435 -0.4998330468445996
0.00430 -0.49983438858503854
0.00425 -0.4998357365901282
0.00420 -0.49983709086058464
0.00415 -0.49983845207274785
0.00410 -0.49983983048441766
0.00405 -0.49984131114504693
0.00400 -0.4998427885294704
0.00395 -0.4998442972539788
0.00390 -0.4998458191605641
0.00385 -0.4998473541601429
0.00380 -0.4998489021417003
0.00375 -0.4998504629630202
0.00370 -0.499852036443068
0.00365 -0.49985362238774844
0.00360 -0.4998553251775979
0.00355 -0.4998570868000808
0.00350 -0.499858868641111
0.00345 -0.4998606685591515
0.00340 -0.49986248545922396
0.00335 -0.4998643187029492
0.00330 -0.49986616808285056
0.00325 -0.49986803364980686
0.00320 -0.499869915642622
0.00315 -0.49987181445229495
0.00310 -0.49987373060989215
0.00305 -0.4998756647744223
0.00300 -0.49987761781271867
0.00295 -0.4998795907176258
0.00290 -0.49988158475736677
0.00285 -0.4998836014195315
0.00280 -0.4998856425309924
0.00275 -0.4998877103130947
0.00270 -0.4998898074415794
0.00265 -0.4998943489347621
0.00260 -0.49989553844834195
0.00255 -0.4998967476115926
0.00250 -0.49989797431635763
0.00245 -0.49989921689870637
0.00240 -0.4999004742162455
0.00235 -0.4999017424551438
0.00230 -0.4999030276677137
0.00225 -0.4999043276634029
0.00220 -0.499905643771661
0.00215 -0.49990697821602154
0.00210 -0.49990833431032816
0.00205 -0.49990971659407085
0.00200 -0.49991113116536184
0.00195 -0.49991214687242347
0.00190 -0.4999134503743796
0.00185 -0.4999147816469072
0.00180 -0.4999161135869962
0.00175 -0.4999174590979155
0.00170 -0.49991879063573547
0.00165 -0.49992016260516525
0.00160 -0.49992155416729833
0.00155 -0.49992297041560624
0.00150 -0.49992440036482205
0.00145 -0.49992585042356574
0.00140 -0.49992733239197223
0.00135 -0.4999288810416004
0.00130 -0.49993058437952526
0.00125 -0.4999324869808765
0.00120 -0.4999380133360353
0.00115 -0.49994097976825036
0.00110 -0.499944140415596
0.00105 -0.4999475508223479
0.00100 -0.49995114665458373
0.00095 -0.4999527946971047
0.00090 -0.4999546954599393
0.00085 -0.4999574833275924
0.00080 -0.4999593464782228
0.00075 -0.4999612294751368
0.00070 -0.49996319319321714
0.00065 -0.4999657070922566
0.00060 -0.49996888084641355
0.00055 -0.4999727805635992
0.00050 -0.4999752128636864
0.00045 -0.4999768371422275
0.00040 -0.4999786661634694
0.00035 -0.49998163477141894
0.00030 -0.49998555794525257
0.00025 -0.4999868253913066
0.00020 -0.4999894490187451
0.00015 -0.499991872866944
0.00010 -0.49999459266622237
0.00005 -0.4999971936498194
