0.10000 -0.49918475619884023
0.09995 -0.49918498926146204
0.09990 -0.499185222350625
0.09985 -0.49918545546639254
0.09980 -0.4991856886088275
0.09975 -0.49918592177799326
0.09970 -0.4991861549739532
0.09965 -0.4991863881967713
0.09960 -0.49918662144651127
0.09955 -0.49918685472323665
0.09950 -0.49918708802701184
0.09945 -0.49918732135790106
0.09940 -0.49918755471596893
0.09935 -0.4991877881012798
0.09930 -0.49918802151389813
0.09925 -0.49918825495388935
0.09920 -0.499188488421318
0.09915 -0.49918872191624963
0.09910 -0.49918895543874947
0.09905 -0.4991891889888829
0.09900 -0.4991894225667158
0.09895 -0.4991896561723139
0.09890 -0.49918988980574336
0.09885 -0.4991901234670702
0.09880 -0.49919035715636045
0.09875 -0.4991905908736812
0.09870 -0.4991908246190984
0.09865 -0.49919105839267947
0.09860 -0.49919129219449127
0.09855 -0.4991915260246007
0.09850 -0.49919175988307496
0.09845 -0.4991919937699818
0.09840 -0.49919222768538885
0.09835 -0.4991924616293638
0.09830 -0.4991926956019746
0.09825 -0.4991929296032894
0.09820 -0.4991931636333767
0.09815 -0.4991933976923047
0.09810 -0.4991936317801421
0.09805 -0.4991938658969577
0.09800 -0.4991941000428206
0.09795 -0.4991943342178
0.09790 -0.4991945684219649
0.09785 -0.49919480265538485
0.09780 -0.49919503691813005
0.09775 -0.4991952712102698
0.09770 -0.4991955055318742
0.09765 -0.49919573988301336
0.09760 -0.499195974263758
0.09755 -0.4991962086741785
0.09750 -0.4991964431143453
0.09745 -0.49919667758432945
0.09740 -0.49919691208420236
0.09735 -0.49919714661403475
0.09730 -0.49919738117389845
0.09725 -0.49919761576386484
0.09720 -0.49919785038400577
0.09715 -0.49919808503439317
0.09710 -0.49919831971509904
0.09705 -0.499198554426196
0.09700 -0.4991987891677565
0.09695 -0.4991990239398531
0.09690 -0.4991992587425587
0.09685 -0.4991994935759464
0.09680 -0.49919972844008936
0.09675 -0.4991999633350611
0.09670 -0.49920019826093526
0.09665 -0.4992004332177853
0.09660 -0.49920066820568565
0.09655 -0.4992009032247104
0.09650 -0.49920113827493356
0.09645 -0.4992013733564302
0.09640 -0.4992016084692745
0.09635 -0.49920184361354175
0.09630 -0.4992020787893069
0.09625 -0.4992023139966455
0.09620 -0.49920254923563273
0.09615 -0.4992027845063445
0.09610 -0.49920301980885656
0.09605 -0.49920325514324504
0.09600 -0.49920349050958635
0.09595 -0.4992037259079567
0.09590 -0.49920396133843303
0.09585 -0.4992041968010918
0.09580 -0.4992044322960105
0.09575 -0.499204667823266
0.09570 -0.49920490338293616
0.09565 -0.4992051389750982
0.09560 -0.4992053745998303
0.09555 -0.49920561025721033
0.09550 -0.4992058459473167
0.09545 -0.4992060816702275
0.09540 -0.49920631742602184
0.09535 -0.49920655321477836
0.09530 -0.4992067890365761
0.09525 -0.49920702489149443
0.09520 -0.49920726077961264
0.09515 -0.4992074967010107
0.09510 -0.4992077326557679
0.09505 -0.49920796864396527
0.09500 -0.4992082046656264
0.09495 -0.49920844072094445
0.09490 -0.49920671460400623
0.09485 -0.4992020802939934
0.09480 -0.4992143377592462
0.09475 -0.4992145614323076
0.09470 -0.49921478511334083
0.09465 -0.4992150088023684
0.09460 -0.499215232499409
0.09455 -0.49921545620448304
0.09450 -0.49921567991761107
0.09445 -0.4992159036388109
0.09440 -0.49921612736810334
0.09435 -0.49921635110550594
0.09430 -0.49921657485103776
0.09425 -0.49921679860471757
0.09420 -0.4992170223665623
0.09415 -0.49921724613659046
0.09410 -0.49921746991482013
0.09405 -0.49921769370126773
0.09400 -0.49921791749595185
0.09395 -0.49921814129888986
0.09390 -0.49921836511009904
0.09385 -0.49921858892959725
0.09380 -0.49921881275740304
0.09375 -0.4992190364945836
0.09370 -0.49921926033815645
0.09365 -0.49921948419033346
0.09360 -0.49921970805113436
0.09355 -0.49921993192057956
0.09350 -0.49922015579868884
0.09345 -0.49922037968548244
0.09340 -0.49922060358098036
0.09335 -0.49922082748520313
0.09330 -0.4992210513981708
0.09325 -0.49922127531990335
0.09320 -0.49922149925042125
0.09315 -0.49922172318974456
0.09310 -0.4992219471378941
0.09305 -0.49922217109488976
0.09300 -0.49922239506075183
0.09295 -0.4992226190355011
0.09290 -0.49922284301915765
0.09285 -0.4992230670117421
0.09280 -0.4992232910132748
0.09275 -0.49922351502377627
0.09270 -0.4992237390432669
0.09265 -0.49922396307176725
0.09260 -0.4992241871092978
0.09255 -0.4992244111558792
0.09250 -0.4992246352115319
0.09245 -0.49922485927627647
0.09240 -0.4992250833501333
0.09235 -0.49922530743312343
0.09230 -0.4992255315252673
0.09225 -0.4992257556265853
0.09220 -0.4992259797370984
0.09215 -0.4992262038568272
0.09210 -0.4992264279857924
0.09205 -0.49922665212401457
0.09200 -0.4992268762715148
0.09195 -0.4992271004283137
0.09190 -0.499227324594432
0.09185 -0.4992275487698907
0.09180 -0.4992277729547107
0.09175 -0.4992279971489129
0.09170 -0.49922822135251826
0.09165 -0.4992284455655477
0.09160 -0.4992286697880224
0.09155 -0.4992288940199634
0.09150 -0.4992291182613918
0.09145 -0.49922934251232887
0.09140 -0.4992295667727957
0.09135 -0.4992297910428136
0.09130 -0.49923001532240385
0.09125 -0.49923023961158763
0.09120 -0.49923046391038634
0.09115 -0.4992306882188216
0.09110 -0.4992309125369145
0.09105 -0.49923113686468623
0.09100 -0.4992313612021591
0.09095 -0.49923158554935376
0.09090 -0.4992318099062922
0.09085 -0.4992320342729957
0.09080 -0.49923225864948567
0.09075 -0.4992324830336419
0.09070 -0.49923270742923237
0.09065 -0.4992329318351675
0.09060 -0.4992331562510026
0.09055 -0.49923338067675255
0.09050 -0.4992336051124563
0.09045 -0.4992338295581689
0.09040 -0.499234054013941
0.09035 -0.499234278630714
0.09030 -0.4992345028316894
0.09025 -0.49923472744958286
0.09020 -0.4992349519363372
0.09015 -0.49923517644422155
0.09010 -0.4992354009380295
0.09005 -0.4992356254854695
0.09000 -0.49923585001972876
0.08995 -0.4992360745652421
0.08990 -0.4992362991216055
0.08985 -0.4992365236883299
0.08980 -0.4992367482654207
0.08975 -0.4992369728548283
0.08970 -0.49923719745113604
0.08965 -0.4992374220368692
0.08960 -0.4992376465643326
0.08955 -0.49923787130323216
0.08950 -0.4992380959862889
0.08945 -0.4992383205905723
0.08940 -0.49923854525181394
0.08935 -0.49923876992247124
0.08930 -0.4992389946024854
0.08925 -0.49923921929098575
0.08920 -0.49923944399197845
0.08915 -0.4992396687037218
0.08910 -0.49923989342548236
0.08905 -0.49924011815817126
0.08900 -0.4992403429015222
0.08895 -0.49924056765550573
0.08890 -0.4992407924201289
0.08885 -0.499241017195384
0.08880 -0.4992412419812758
0.08875 -0.4992414667778338
0.08870 -0.49924169158509857
0.08865 -0.49924191640310794
0.08860 -0.49924214123189004
0.08855 -0.4992423660714659
0.08850 -0.4992425909218563
0.08845 -0.4992428157830847
0.08840 -0.4992430406551796
0.08835 -0.49924326553817044
0.08830 -0.49924349043208616
0.08825 -0.49924371541369195
0.08820 -0.4992439402556621
0.08815 -0.4992441651823607
0.08810 -0.49924439012000066
0.08805 -0.4992446150683725
0.08800 -0.4992448400275564
0.08795 -0.49924506499588767
0.08790 -0.49924528997829615
0.08785 -0.4992455148439821
0.08780 -0.4992457399220828
0.08775 -0.49924596498967494
0.08770 -0.49924619001984527
0.08765 -0.49924641505655887
0.08760 -0.4992466401030047
0.08755 -0.499246865163006
0.08750 -0.49924709023447555
0.08745 -0.4992473153198244
0.08740 -0.499247540414413
0.08735 -0.4992477655197269
0.08730 -0.4992479906364144
0.08725 -0.4992482157644463
0.08720 -0.49924844090386833
0.08715 -0.49924866605479623
0.08710 -0.49924889121720784
0.08705 -0.49924911639105485
0.08700 -0.4992493415763935
0.08695 -0.4992495667732846
0.08690 -0.4992497919816653
0.08685 -0.4992500171965861
0.08680 -0.49925024242978056
0.08675 -0.4992504676731398
0.08670 -0.499250692930388
0.08665 -0.4992509181944502
0.08660 -0.49925114347561617
0.08655 -0.499251368762534
0.08650 -0.49925159406619257
0.08645 -0.49925181938047314
0.08640 -0.4992520447066266
0.08635 -0.4992522700401649
0.08630 -0.49925249538895455
0.08625 -0.4992527207497105
0.08620 -0.4992529461223914
0.08615 -0.4992531715070204
0.08610 -0.49925339690357945
0.08605 -0.49925362231202675
0.08600 -0.4992538477324264
0.08595 -0.49925407316488185
0.08590 -0.4992542986094988
0.08585 -0.4992545240697336
0.08580 -0.4992547495363798
0.08575 -0.499254975018414
0.08570 -0.4992552005120916
0.08565 -0.49925542601681155
0.08560 -0.4992556515324673
0.08555 -0.49925587707055297
0.08550 -0.49925610275335447
0.08545 -0.4992563281556836
0.08540 -0.4992565537224247
0.08535 -0.49925677918146666
0.08530 -0.49925700489374014
0.08525 -0.4992572304981402
0.08520 -0.49925745611050093
0.08515 -0.4992576817381732
0.08510 -0.4992579073783575
0.08505 -0.4992581330311062
0.08500 -0.4992583586964181
0.08495 -0.49925858437432347
0.08490 -0.49925881006555267
0.08485 -0.499259035770964
0.08480 -0.49925926148214694
0.08475 -0.4992594871303915
0.08470 -0.4992597129529677
0.08465 -0.4992599387093504
0.08460 -0.4992601644754647
0.08455 -0.4992603902542599
0.08450 -0.4992606160457722
0.08445 -0.4992608418500367
0.08440 -0.499261067667087
0.08435 -0.49926129349695225
0.08430 -0.49926151933965623
0.08425 -0.49926174519521926
0.08420 -0.4992619710636599
0.08415 -0.49926219694499846
0.08410 -0.49926242283926064
0.08405 -0.4992626487464779
0.08400 -0.4992628746666863
0.08395 -0.4992631005957427
0.08390 -0.4992633265420006
0.08385 -0.4992635525013212
0.08380 -0.49926377847373005
0.08375 -0.4992640044592528
0.08370 -0.4992642304579156
0.08365 -0.4992644564697441
0.08360 -0.49926468249476413
0.08355 -0.499264908533002
0.08350 -0.4992651345844829
0.08345 -0.49926536064923344
0.08340 -0.4992655867272795
0.08335 -0.49926581281864685
0.08330 -0.4992660389233617
0.08325 -0.4992662650414503
0.08320 -0.4992664911729388
0.08315 -0.4992667173178531
0.08310 -0.49926694347621964
0.08305 -0.49926716964806467
0.08300 -0.4992673958334145
0.08295 -0.49926762203229547
0.08290 -0.4992678482447338
0.08285 -0.49926807447075605
0.08280 -0.4992683007103885
0.08275 -0.49926852696365764
0.08270 -0.49926875323059045
0.08265 -0.49926897951121296
0.08260 -0.49926920580555206
0.08255 -0.4992694321136342
0.08250 -0.4992696584354862
0.08245 -0.4992698847711347
0.08240 -0.49927011112060665
0.08235 -0.49927033748392874
0.08230 -0.4992705638611279
0.08225 -0.4992707902522307
0.08220 -0.4992710166572645
0.08215 -0.4992712430762559
0.08210 -0.4992714695092323
0.08205 -0.49927169595622034
0.08200 -0.4992719224172475
0.08195 -0.4992721488923407
0.08190 -0.49927237538152736
0.08185 -0.4992726018848344
0.08180 -0.4992728284022893
0.08175 -0.4992730549339194
0.08170 -0.49927328147975214
0.08165 -0.49927350803981463
0.08160 -0.4992737346141345
0.08155 -0.4992739612027391
0.08150 -0.49927418780565597
0.08145 -0.4992744144229124
0.08140 -0.49927464105453634
0.08135 -0.4992748677005544
0.08130 -0.499275094365
0.08125 -0.4992753210400196
0.08120 -0.49927554772929517
0.08115 -0.49927577443289517
0.08110 -0.4992760011508926
0.08105 -0.49927622788336085
0.08100 -0.4992764546303719
0.08095 -0.49927668139199294
0.08090 -0.499276908168285
0.08085 -0.4992771349593014
0.08080 -0.4992773617644088
0.08075 -0.49927758858407734
0.08070 -0.4992778154200044
0.08065 -0.49927804227070643
0.08060 -0.49927826913613577
0.08055 -0.499278496145768
0.08050 -0.49927872295458886
0.08045 -0.49927894982425264
0.08040 -0.49927917674437416
0.08035 -0.4992794036839876
0.08030 -0.49927963064086395
0.08025 -0.4992798576112191
0.08020 -0.4992800845975195
0.08015 -0.4992803115940873
0.08010 -0.49928053860723304
0.08005 -0.4992807656413201
0.08000 -0.4992809926354987
0.07995 -0.4992812195780381
0.07990 -0.4992814468191981
0.07985 -0.4992816739103294
0.07980 -0.49928190101711306
0.07975 -0.49928212813950734
0.07970 -0.4992823552721751
0.07965 -0.49928258242381623
0.07960 -0.499282809590831
0.07955 -0.4992830367732604
0.07950 -0.4992832639711426
0.07945 -0.49928349118451093
0.07940 -0.4992837184133946
0.07935 -0.49928394565781936
0.07930 -0.49928417291780963
0.07925 -0.49928440019339226
0.07920 -0.4992846274846008
0.07915 -0.49928485479148665
0.07910 -0.4992850821141362
0.07905 -0.49928530945270416
0.07900 -0.49928553680943544
0.07895 -0.49928576417883974
0.07890 -0.49928599156162023
0.07885 -0.49928621896245357
0.07880 -0.4992864463844803
0.07875 -0.49928667381742237
0.07870 -0.4992869012662508
0.07865 -0.4992871287309956
0.07860 -0.4992873562116873
0.07855 -0.49928758370835624
0.07850 -0.4992878112210329
0.07845 -0.49928803874974764
0.07840 -0.49928826629453066
0.07835 -0.49928849385541224
0.07830 -0.4992887214324224
0.07825 -0.49928894902559173
0.07820 -0.49928917663494965
0.07815 -0.4992894042605266
0.07810 -0.4992896319023522
0.07805 -0.4992898595604566
0.07800 -0.4992900872348696
0.07795 -0.4992903149256213
0.07790 -0.49929054263274114
0.07785 -0.4992907703562589
0.07780 -0.49929099809620503
0.07775 -0.4992912258526087
0.07770 -0.4992914536255003
0.07765 -0.49929168141490937
0.07760 -0.4992919092208661
0.07755 -0.4992921370434005
0.07750 -0.4992923648825422
0.07745 -0.4992925927383218
0.07740 -0.49929282061076913
0.07735 -0.49929304849991457
0.07730 -0.4992932764057879
0.07725 -0.49929350432841996
0.07720 -0.4992937322678408
0.07715 -0.49929396022408096
0.07710 -0.4992941881971707
0.07705 -0.4992944161871404
0.07700 -0.499294644194021
0.07695 -0.49929487221784297
0.07690 -0.49929510025863655
0.07685 -0.4992953283164328
0.07680 -0.49929555639126255
0.07675 -0.49929578448315637
0.07670 -0.4992960125921449
0.07665 -0.49929624071825907
0.07660 -0.49929646886153
0.07655 -0.4992966970219884
0.07650 -0.49929692519966523
0.07645 -0.4992971533945916
0.07640 -0.49929738160679843
0.07635 -0.49929760983631677
0.07630 -0.49929783808317785
0.07625 -0.49929806634741275
0.07620 -0.4992982946290526
0.07615 -0.4992985229281283
0.07610 -0.499298751244672
0.07605 -0.4992989795787141
0.07600 -0.49929920793028615
0.07595 -0.49929943629941964
0.07590 -0.49929966468614606
0.07585 -0.4992998930904965
0.07580 -0.49930012151250264
0.07575 -0.49930034995219585
0.07570 -0.4993005784095059
0.07565 -0.4993008068847273
0.07560 -0.4993010353776592
0.07555 -0.49930126388767204
0.07550 -0.4993014924113569
0.07545 -0.49930172095750464
0.07540 -0.4993019495230468
0.07535 -0.49930217810421756
0.07530 -0.4993024067047742
0.07525 -0.4993026353287283
0.07520 -0.49930286395913137
0.07515 -0.499303092613603
0.07510 -0.4993033212861154
0.07505 -0.4993035499767225
0.07500 -0.49930377868541
0.07495 -0.49930400750217374
0.07490 -0.49930423616368313
0.07485 -0.4993044649250977
0.07480 -0.4993046937030316
0.07475 -0.49930492247921215
0.07470 -0.4993051513222605
0.07465 -0.499305380159513
0.07460 -0.4993056090160922
0.07455 -0.4993058378940977
0.07450 -0.4993060667794758
0.07445 -0.49930629569016854
0.07440 -0.4993065246195637
0.07435 -0.4993067535675031
0.07430 -0.4993069825337871
0.07425 -0.49930721152302787
0.07420 -0.4993074405275941
0.07415 -0.49930766955080513
0.07410 -0.4993078985926162
0.07405 -0.49930812765299815
0.07400 -0.4993083567319696
0.07395 -0.4993085858296327
0.07390 -0.4993088149461766
0.07385 -0.4993090440817837
0.07380 -0.49930927323627833
0.07375 -0.49930950240837707
0.07370 -0.49930973159587605
0.07365 -0.49930996080738
0.07360 -0.4993101900377018
0.07355 -0.4993104193141223
0.07350 -0.4993106485564412
0.07345 -0.49931087784446854
0.07340 -0.49931110715170535
0.07335 -0.49931133647818526
0.07330 -0.49931156582394154
0.07325 -0.499311795189008
0.07320 -0.49931202457341833
0.07315 -0.4993122539772061
0.07310 -0.49931248340040535
0.07305 -0.4993127128430498
0.07300 -0.49931294230517326
0.07295 -0.49931317178680973
0.07290 -0.49931340128799284
0.07285 -0.49931363080875685
0.07280 -0.4993138603491351
0.07275 -0.49931408990916204
0.07270 -0.49931431948887156
0.07265 -0.4993145490882972
0.07260 -0.4993147787074731
0.07255 -0.4993150083464332
0.07250 -0.4993152380052117
0.07245 -0.4993154676838425
0.07240 -0.49931569738235954
0.07235 -0.49931592710079736
0.07230 -0.49931615683918973
0.07225 -0.4993163865975714
0.07220 -0.4993166163759764
0.07215 -0.49931684617443917
0.07210 -0.4993170759929943
0.07205 -0.4993173058316763
0.07200 -0.49931753569051956
0.07195 -0.4993177655695589
0.07190 -0.499317995468829
0.07185 -0.49931822538836457
0.07180 -0.4993184553282004
0.07175 -0.49931868528837103
0.07170 -0.4993189152689117
0.07165 -0.4993191452698569
0.07160 -0.4993193752912418
0.07155 -0.499319605333101
0.07150 -0.4993198353954696
0.07145 -0.49932006547838237
0.07140 -0.49932029558187435
0.07135 -0.4993205257059804
0.07130 -0.49932075585073565
0.07125 -0.499320986016175
0.07120 -0.4993212162023331
0.07115 -0.4993214464092456
0.07110 -0.49932167663694715
0.07105 -0.4993219068854729
0.07100 -0.49932213715485807
0.07095 -0.499322367445138
0.07090 -0.49932259775634774
0.07085 -0.4993228280885227
0.07080 -0.49932305844169833
0.07075 -0.49932328881591004
0.07070 -0.4993235192111933
0.07065 -0.49932374962758397
0.07060 -0.49932398006511736
0.07055 -0.49932421052382936
0.07050 -0.4993244410037558
0.07045 -0.49932467150493237
0.07040 -0.49932490202739505
0.07035 -0.4993251325711796
0.07030 -0.49932536313632186
0.07025 -0.4993255937228579
0.07020 -0.49932582433082334
0.07015 -0.499326054960254
0.07010 -0.49932628561118597
0.07005 -0.4993265162836548
0.07000 -0.4993267469776963
0.06995 -0.4993269776933461
0.06990 -0.4993272084306401
0.06985 -0.4993274391896138
0.06980 -0.49932766997030303
0.06975 -0.49932790077274325
0.06970 -0.49932813159697065
0.06965 -0.49932836244302053
0.06960 -0.4993285933109291
0.06955 -0.4993288242007322
0.06950 -0.49932905511246617
0.06945 -0.4993292860461676
0.06940 -0.4993295170018731
0.06935 -0.49932974797962093
0.06930 -0.4993299789794489
0.06925 -0.49933021000974737
0.06920 -0.4993304410540547
0.06915 -0.4993306721193501
0.06910 -0.49933090320630275
0.06905 -0.4993311343154312
0.06900 -0.4993313654470793
0.06895 -0.4993315966009253
0.06890 -0.49933182777829
0.06885 -0.4993320589781987
0.06880 -0.4993322902735922
0.06875 -0.4993325214464574
0.06870 -0.4993327527144291
0.06865 -0.4993329840044285
0.06860 -0.49933321532370084
0.06855 -0.4993334466602201
0.06850 -0.4993336780195072
0.06845 -0.4993339094016034
0.06840 -0.4993341408065512
0.06835 -0.49933437223439303
0.06830 -0.49933460368517
0.06825 -0.4993348351589247
0.06820 -0.4993350666556982
0.06815 -0.49933529817553174
0.06810 -0.49933552971846806
0.06805 -0.4993357612845455
0.06800 -0.4993359928738083
0.06795 -0.4993362244862943
0.06790 -0.4993364561220464
0.06785 -0.49933668778110174
0.06780 -0.4993369194635025
0.06775 -0.49933715116928734
0.06770 -0.4993373828984952
0.06765 -0.49933761465116483
0.06760 -0.4993378464273357
0.06755 -0.49933807822704385
0.06750 -0.4993383100503292
0.06745 -0.4993385418972288
0.06740 -0.49933877376777736
0.06735 -0.4993390056620141
0.06730 -0.4993392375799745
0.06725 -0.4993394695216933
0.06720 -0.49933970148720663
0.06715 -0.4993399334765506
0.06710 -0.499340165489758
0.06705 -0.49934039752686443
0.06700 -0.49934062958790304
0.06695 -0.499340861672906
0.06690 -0.49934109378190905
0.06685 -0.4993413259149438
0.06680 -0.4993415580720405
0.06675 -0.4993417902532358
0.06670 -0.4993420224585603
0.06665 -0.4993422546880424
0.06660 -0.49934248694171524
0.06655 -0.4993427192196076
0.06650 -0.49934295152175606
0.06645 -0.4993431838481855
0.06640 -0.4993434161989254
0.06635 -0.4993436485740087
0.06630 -0.499343880973466
0.06625 -0.49934411321857597
0.06620 -0.49934434566113256
0.06615 -0.4993445781281708
0.06610 -0.4993448106197301
0.06605 -0.49934504313584965
0.06600 -0.4993452756765694
0.06595 -0.4993455082419284
0.06590 -0.49934574083196653
0.06585 -0.4993459734467233
0.06580 -0.49934620608623836
0.06575 -0.4993464387505515
0.06570 -0.4993466714397024
0.06565 -0.49934690415373073
0.06560 -0.49934713689267646
0.06555 -0.4993473696565794
0.06550 -0.49934760244547965
0.06545 -0.4993478352594168
0.06540 -0.49934806809843113
0.06535 -0.49934830096256255
0.06530 -0.4993485338518512
0.06525 -0.49934876676633705
0.06520 -0.4993489997060606
0.06515 -0.4993492326710616
0.06510 -0.4993494656613806
0.06505 -0.499349698677058
0.06500 -0.4993499317181337
0.06495 -0.49935016478464833
0.06490 -0.49935039787664254
0.06485 -0.49935063099415633
0.06480 -0.4993508641372307
0.06475 -0.49935109730590554
0.06470 -0.49935133050022207
0.06465 -0.4993515637202206
0.06460 -0.49935179696594173
0.06455 -0.49935203023742625
0.06450 -0.4993522635347151
0.06445 -0.4993524968578489
0.06440 -0.49935273020686843
0.06435 -0.4993529635818145
0.06430 -0.49935319698272834
0.06425 -0.49935343040965063
0.06420 -0.49935366386262253
0.06415 -0.4993538973416851
0.06410 -0.49935413084687935
0.06405 -0.49935436437824626
0.06400 -0.49935459793582726
0.06395 -0.49935483151966353
0.06390 -0.49935506512979605
0.06385 -0.49935529876626644
0.06380 -0.49935553242911596
0.06375 -0.49935576611838584
0.06370 -0.4993559998341176
0.06365 -0.49935623357635267
0.06360 -0.49935646734513256
0.06355 -0.4993567011404989
0.06350 -0.49935693496249306
0.06345 -0.4993571688111571
0.06340 -0.49935740268653217
0.06335 -0.4993576365886603
0.06330 -0.4993578705175832
0.06325 -0.49935810447334256
0.06320 -0.4993583384559801
0.06315 -0.49935857246553816
0.06310 -0.49935880650205816
0.06305 -0.4993590405655825
0.06300 -0.49935927465615265
0.06295 -0.49935950894576564
0.06290 -0.4993597430838352
0.06285 -0.4993599772490492
0.06280 -0.49936021144146786
0.06275 -0.4993604456611509
0.06270 -0.49936067990815247
0.06265 -0.499360914182529
0.06260 -0.4993611484843382
0.06255 -0.49936138281363895
0.06250 -0.4993616171704853
0.06245 -0.4993618515549323
0.06240 -0.4993620859670391
0.06235 -0.49936232040686307
0.06230 -0.4993625548744568
0.06225 -0.4993627893698763
0.06220 -0.4993630238931773
0.06215 -0.49936325844441404
0.06210 -0.49936349302363997
0.06205 -0.4993637276309096
0.06200 -0.49936396226627394
0.06195 -0.4993641969297844
0.06190 -0.49936443162149247
0.06185 -0.49936466634144744
0.06180 -0.49936490108969994
0.06175 -0.4993651358662973
0.06170 -0.49936537067128534
0.06165 -0.49936560550471165
0.06160 -0.49936584036661963
0.06155 -0.4993660752570522
0.06150 -0.49936631017605204
0.06145 -0.4993665451236593
0.06140 -0.4993667800999133
0.06135 -0.49936701510485115
0.06130 -0.4993672501385102
0.06125 -0.4993674852009246
0.06120 -0.4993677202921275
0.06115 -0.4993679554121515
0.06110 -0.4993681905610275
0.06105 -0.4993684257387856
0.06100 -0.49936866094545396
0.06095 -0.4993688961810613
0.06090 -0.4993691314456361
0.06085 -0.4993693667392054
0.06080 -0.4993696020617971
0.06075 -0.49936983741343943
0.06070 -0.4993700727941621
0.06065 -0.4993703082039951
0.06060 -0.49937054364296946
0.06055 -0.49937077911111866
0.06050 -0.49937101460847744
0.06045 -0.4993712501350825
0.06040 -0.4993714856909717
0.06035 -0.4993717212761857
0.06030 -0.49937195689076547
0.06025 -0.49937219253475446
0.06020 -0.4993724282081971
0.06015 -0.499372663911138
0.06010 -0.4993728996436233
0.06005 -0.49937313540569933
0.06000 -0.4993733711977575
0.05995 -0.4993736070192381
0.05990 -0.4993738428704438
0.05985 -0.49937407875141876
0.05980 -0.4993743146622066
0.05975 -0.49937455060285274
0.05970 -0.49937478657340256
0.05965 -0.49937502257390154
0.05960 -0.49937525860439597
0.05955 -0.49937549466493175
0.05950 -0.49937573075555586
0.05945 -0.49937596687631447
0.05940 -0.49937620302725366
0.05935 -0.4993764392084199
0.05930 -0.4993766754198594
0.05925 -0.49937691166161713
0.05920 -0.49937714793373833
0.05915 -0.4993773842362695
0.05910 -0.49937762056925417
0.05905 -0.49937785693273606
0.05900 -0.4993780933267606
0.05895 -0.4993783297513703
0.05890 -0.4993785662066104
0.05885 -0.49937880269252216
0.05880 -0.4993790392091496
0.05875 -0.49937927575653596
0.05870 -0.49937951233472366
0.05865 -0.4993797489437563
0.05860 -0.4993799855836758
0.05855 -0.4993802222545257
0.05850 -0.4993804589563494
0.05845 -0.49938069568918964
0.05840 -0.4993809324530915
0.05835 -0.4993811692480982
0.05830 -0.4993814060742544
0.05825 -0.4993816429316052
0.05820 -0.49938187982019583
0.05815 -0.49938211674007316
0.05810 -0.49938235369128275
0.05805 -0.49938259067387153
0.05800 -0.4993828276878881
0.05795 -0.49938306473338007
0.05790 -0.49938330181039603
0.05785 -0.49938353892229115
0.05780 -0.4993837760628767
0.05775 -0.4993840132351331
0.05770 -0.4993842504391064
0.05765 -0.4993844876748394
0.05760 -0.49938472494237707
0.05755 -0.4993849622417625
0.05750 -0.49938519957304023
0.05745 -0.4993854369362538
0.05740 -0.49938567433144815
0.05735 -0.4993859117586665
0.05730 -0.49938614921795316
0.05725 -0.49938638670935404
0.05720 -0.4993866242329125
0.05715 -0.49938686178867436
0.05710 -0.49938709937668513
0.05705 -0.49938733699699045
0.05700 -0.4993875746496354
0.05695 -0.49938781233466756
0.05690 -0.49938805005213344
0.05685 -0.49938828780208044
0.05680 -0.49938852558455654
0.05675 -0.49938876339960947
0.05670 -0.49938900124728836
0.05665 -0.4993892391276428
0.05660 -0.49938947704072184
0.05655 -0.4993897149865762
0.05650 -0.4993899529652559
0.05645 -0.49939019097681214
0.05640 -0.4993904290003259
0.05635 -0.4993906670892851
0.05630 -0.4993909051939833
0.05625 -0.4993911433336292
0.05620 -0.4993913815079977
0.05615 -0.4993916197168745
0.05610 -0.49939185796005897
0.05605 -0.4993920962373667
0.05600 -0.49939233454862686
0.05595 -0.4993925728936922
0.05590 -0.4993928112724347
0.05585 -0.4993930496847505
0.05580 -0.49939328813056394
0.05575 -0.49939352660982234
0.05570 -0.4993937651225033
0.05565 -0.49939400366860703
0.05560 -0.49939424224815787
0.05555 -0.499394480861197
0.05550 -0.4993947195077835
0.05545 -0.4993949581879851
0.05540 -0.49939519690187734
0.05535 -0.49939543564953787
0.05530 -0.4993956744310446
0.05525 -0.49939591324647403
0.05520 -0.49939615209617805
0.05515 -0.49939639097949706
0.05510 -0.49939662989659234
0.05505 -0.4993968688478561
0.05500 -0.4993971078334836
0.05495 -0.499397346802991
0.05490 -0.49939758593895517
0.05485 -0.4993978250076136
0.05480 -0.49939806412180476
0.05475 -0.4993983032458129
0.05470 -0.49939854244548354
0.05465 -0.4993987817933052
0.05460 -0.4993990209593332
0.05455 -0.4993992602553951
0.05450 -0.49939949958619484
0.05445 -0.4993997389518892
0.05440 -0.4993999783526429
0.05435 -0.4994002177886032
0.05430 -0.4994004572598818
0.05425 -0.4994006967665404
0.05420 -0.499400936308581
0.05415 -0.499401175884305
0.05410 -0.4994014154955068
0.05405 -0.49940165514246126
0.05400 -0.49940189482402664
0.05395 -0.4994021345398729
0.05390 -0.49940237428975104
0.05385 -0.49940261407385506
0.05380 -0.49940285389323985
0.05375 -0.4994030937492758
0.05370 -0.4994033336430752
0.05365 -0.4994035735756669
0.05360 -0.49940381354804936
0.05355 -0.4994040535493661
0.05350 -0.4994042935865802
0.05345 -0.4994045336597493
0.05340 -0.49940477376892956
0.05335 -0.49940501391417225
0.05330 -0.4994052540955267
0.05325 -0.49940549431303943
0.05320 -0.49940573456675125
0.05315 -0.49940597485670246
0.05310 -0.49940621518293105
0.05305 -0.49940645554547136
0.05300 -0.49940669594435605
0.05295 -0.4994069363796162
0.05290 -0.499407176851283
0.05285 -0.49940741735938443
0.05280 -0.4994076579039497
0.05275 -0.49940789848500533
0.05270 -0.4994081391025824
0.05265 -0.4994083797567079
0.05260 -0.4994086204474104
0.05255 -0.49940886117471966
0.05250 -0.4994091019386677
0.05245 -0.49940934273928306
0.05240 -0.49940958357660087
0.05235 -0.4994098244506539
0.05230 -0.4994100653614785
0.05225 -0.4994103063091088
0.05220 -0.4994105472935851
0.05215 -0.49941078831494595
0.05210 -0.4994110293732317
0.05205 -0.49941127024594445
0.05200 -0.49941151137292494
0.05195 -0.499411752537047
0.05190 -0.4994119937383516
0.05185 -0.4994122349768775
0.05180 -0.4994124762526664
0.05175 -0.49941271756575906
0.05170 -0.4994129589162003
0.05165 -0.49941320030402814
0.05160 -0.49941344172928853
0.05155 -0.4994136831920264
0.05150 -0.49941392469228696
0.05145 -0.4994141662301202
0.05140 -0.4994144078055793
0.05135 -0.49941464941871394
0.05130 -0.4994148910695845
0.05125 -0.49941513275824984
0.05120 -0.4994153744847712
0.05115 -0.4994156162492184
0.05110 -0.4994158580516566
0.05105 -0.49941609989216706
0.05100 -0.4994163419485028
0.05095 -0.4994165838690391
0.05090 -0.4994168258277965
0.05085 -0.49941706782148326
0.05080 -0.4994173098580274
0.05075 -0.49941755193281595
0.05070 -0.49941779397619074
0.05065 -0.49941803619657305
0.05060 -0.49941827838569947
0.05055 -0.4994185204729156
0.05050 -0.4994187628170358
0.05045 -0.49941900518223886
0.05040 -0.4994192475604288
0.05035 -0.49941948991697016
0.05030 -0.499419732250556
0.05025 -0.4994199747966754
0.05020 -0.49942021734766207
0.05015 -0.49942045990641504
0.05010 -0.49942070250150544
0.05005 -0.4994209451321814
0.05000 -0.49942118767578325
0.04995 -0.4994214303700125
0.04990 -0.49942167310344304
0.04985 -0.4994219158761239
0.04980 -0.49942215868810463
0.04975 -0.49942240153943385
0.04970 -0.4994226444301606
0.04965 -0.49942288736033313
0.04960 -0.49942313033000013
0.04955 -0.4994233733392088
0.04950 -0.4994236165501628
0.04945 -0.4994238594774299
0.04940 -0.49942410260556996
0.04935 -0.4994243457733562
0.04930 -0.4994245889808735
0.04925 -0.49942483222819706
0.04920 -0.4994250755153936
0.04915 -0.499425318706654
0.04910 -0.4994255621136872
0.04905 -0.4994258055543971
0.04900 -0.49942604902822096
0.04895 -0.49942629268181316
0.04890 -0.4994265360785338
0.04885 -0.49942677964642057
0.04880 -0.49942702339605766
0.04875 -0.4994272669980065
0.04870 -0.4994275106538569
0.04865 -0.49942775436018716
0.04860 -0.49942799811434074
0.04855 -0.49942824191431645
0.04850 -0.49942848575862897
0.04845 -0.49942872964615126
0.04840 -0.4994289735760154
0.04835 -0.4994292175990684
0.04830 -0.49942946156052953
0.04825 -0.49942970561461186
0.04820 -0.4994299497097678
0.04815 -0.49943019384595455
0.04810 -0.4994304380114499
0.04805 -0.49943068220359804
0.04800 -0.4994309265386153
0.04795 -0.49943117079951316
0.04790 -0.49943141505501976
0.04785 -0.4994316593513182
0.04780 -0.49943190394767095
0.04775 -0.4994321484126341
0.04770 -0.49943239291925434
0.04765 -0.49943263746683697
0.04760 -0.4994328820558519
0.04755 -0.4994331266863193
0.04750 -0.4994334483391631
0.04745 -0.4994338861798046
0.04740 -0.499434324205108
0.04735 -0.49943476241871926
0.04730 -0.49943520082001774
0.04725 -0.4994356394055543
0.04720 -0.4994360781808341
0.04715 -0.49943651716432036
0.04710 -0.4994369562884295
0.04705 -0.49943739562617023
0.04700 -0.49943783515063095
0.04695 -0.49943827486087866
0.04690 -0.4994387147611959
0.04685 -0.4994391548500779
0.04680 -0.4994395951280287
0.04675 -0.4994400355946688
0.04670 -0.49944047625049376
0.04665 -0.4994409170970317
0.04660 -0.4994413580175802
0.04655 -0.4994417993793808
0.04650 -0.49944224076842003
0.04645 -0.4994426823741152
0.04640 -0.4994431241694729
0.04635 -0.4994435661552893
0.04630 -0.4994440083315704
0.04625 -0.49944445069847115
0.04620 -0.499444893256207
0.04615 -0.4994453360051172
0.04610 -0.499445778945699
0.04605 -0.49944622207860523
0.04600 -0.49944666540450305
0.04595 -0.49944710892368804
0.04590 -0.49944755263543156
0.04585 -0.4994479965373207
0.04580 -0.4994484406257799
0.04575 -0.49944888489821704
0.04570 -0.49944932935239983
0.04565 -0.4994497739849145
0.04560 -0.49945021879116197
0.04555 -0.4994506640046619
0.04550 -0.4994511092607843
0.04545 -0.49945155471111335
0.04540 -0.4994520003558611
0.04535 -0.49945244619524737
0.04530 -0.4994528922295017
0.04525 -0.4994533383802214
0.04520 -0.4994537847484856
0.04515 -0.49945423149941737
0.04510 -0.4994546783140744
0.04505 -0.49945512532444786
0.04500 -0.4994555725307413
0.04495 -0.49945601993316535
0.04490 -0.49945646753193984
0.04485 -0.49945691532730024
0.04480 -0.4994573633700453
0.04475 -0.49945781150416374
0.04470 -0.49945825988915526
0.04465 -0.4994587084712869
0.04460 -0.4994591572507428
0.04455 -0.49945960623053975
0.04450 -0.4994600554052634
0.04445 -0.499460504777838
0.04440 -0.49946095434844306
0.04435 -0.4994614041165898
0.04430 -0.4994618540837862
0.04425 -0.499462304249533
0.04420 -0.49946275461400236
0.04415 -0.4994632051773657
0.04410 -0.4994636559397937
0.04405 -0.49946410690145565
0.04400 -0.4994645580625197
0.04395 -0.49946500942315325
0.04390 -0.49946546098352335
0.04385 -0.4994659127437962
0.04380 -0.49946636470413874
0.04375 -0.4994668168633141
0.04370 -0.4994672692244909
0.04365 -0.49946772178639304
0.04360 -0.499468174549165
0.04355 -0.4994686275128855
0.04350 -0.499469080677332
0.04345 -0.49946953404344047
0.04340 -0.4994699876114052
0.04335 -0.4994704413785115
0.04330 -0.4994708953488942
0.04325 -0.49947134952121064
0.04320 -0.4994718038955588
0.04315 -0.4994722584720943
0.04310 -0.4994727132509724
0.04305 -0.4994731682323471
0.04300 -0.49947362341637164
0.04295 -0.4994740788031988
0.04290 -0.4994745343929795
0.04285 -0.4994749901858649
0.04280 -0.49947544618200457
0.04275 -0.49947590238154793
0.04270 -0.49947635878464264
0.04265 -0.49947681539143624
0.04260 -0.4994772722020754
0.04255 -0.4994777292167052
0.04250 -0.49947818643547104
0.04245 -0.4994786438585168
0.04240 -0.4994791014859853
0.04235 -0.49947955931801946
0.04230 -0.49948001735476033
0.04225 -0.4994804755962405
0.04220 -0.49948093404280847
0.04215 -0.4994813926945036
0.04210 -0.4994818515514648
0.04205 -0.4994823106138296
0.04200 -0.49948276988173546
0.04195 -0.49948322935531847
0.04190 -0.4994836890347148
0.04185 -0.49948414892005916
0.04180 -0.49948460901148645
0.04175 -0.4994850693091301
0.04170 -0.4994855298131238
0.04165 -0.49948599052359977
0.04160 -0.49948645144069054
0.04155 -0.4994869125645273
0.04150 -0.49948737389524145
0.04145 -0.49948783543296366
0.04140 -0.499488297177824
0.04135 -0.4994887591299525
0.04130 -0.4994892212894783
0.04125 -0.4994896836565309
0.04120 -0.4994901462312389
0.04115 -0.4994906090137308
0.04110 -0.4994910720041353
0.04105 -0.4994915352025803
0.04100 -0.4994919986091941
0.04095 -0.49949246222410487
0.04090 -0.4994929260474406
0.04085 -0.49949339007932964
0.04080 -0.49949385431989995
0.04075 -0.4994943187692802
0.04070 -0.49949478342759884
0.04065 -0.4994952482399599
0.04060 -0.4994957132129592
0.04055 -0.4994961784969461
0.04050 -0.4994966439903566
0.04045 -0.49949710969332073
0.04040 -0.4994975756059696
0.04035 -0.499498041728435
0.04030 -0.4994985080608497
0.04025 -0.49949897460334697
0.04020 -0.4994994413560619
0.04015 -0.49949990831913044
0.04010 -0.49950037549269005
0.04005 -0.49950084287687946
0.04000 -0.49950131047183904
0.03995 -0.499501778277711
0.03990 -0.49950224629463963
0.03985 -0.4995027145227708
0.03980 -0.499503182962253
0.03975 -0.4995036516132368
0.03970 -0.4995041204964328
0.03965 -0.49950458955015975
0.03960 -0.4995050588366436
0.03955 -0.49950552833526124
0.03950 -0.4995059980461492
0.03945 -0.4995064679694754
0.03940 -0.49950693810542124
0.03935 -0.4995074084541741
0.03930 -0.4995078790159231
0.03925 -0.4995083497908587
0.03920 -0.4995088207791735
0.03915 -0.4995092919810629
0.03910 -0.49950976339672587
0.03905 -0.49951023502636693
0.03900 -0.4995107068701964
0.03895 -0.49951117892843155
0.03890 -0.4995116512012967
0.03885 -0.49951212402820755
0.03880 -0.49951259751846233
0.03875 -0.49951307125118594
0.03870 -0.49951354522773184
0.03865 -0.49951401944951324
0.03860 -0.4995144939180071
0.03855 -0.4995149686395675
0.03850 -0.49951544360465117
0.03845 -0.4995159188195577
0.03840 -0.49951639429105354
0.03835 -0.49951687001771305
0.03830 -0.4995173460014649
0.03825 -0.4995178222443271
0.03820 -0.4995182987484092
0.03815 -0.4995187755159184
0.03810 -0.49951925254916235
0.03805 -0.49951972985055443
0.03800 -0.49952020742261777
0.03795 -0.49952068526798943
0.03790 -0.49952116338942476
0.03785 -0.4995216417898024
0.03780 -0.4995221204721265
0.03775 -0.49952259943953264
0.03770 -0.49952307869528956
0.03765 -0.4995235582428035
0.03760 -0.4995240380856195
0.03755 -0.499524518227424
0.03750 -0.49952499867204525
0.03745 -0.49952547942345255
0.03740 -0.4995259607053995
0.03735 -0.4995264420812379
0.03730 -0.4995269237765518
0.03725 -0.49952740579583826
0.03720 -0.4995278881437059
0.03715 -0.4995283708248599
0.03710 -0.4995288538440831
0.03705 -0.499529337206212
0.03700 -0.49952982091610815
0.03695 -0.4995303049786206
0.03690 -0.49953078939854323
0.03685 -0.4995312741805612
0.03680 -0.4995317593291883
0.03675 -0.4995322448486928
0.03670 -0.4995327307430095
0.03665 -0.49953321701563963
0.03660 -0.49953370366953287
0.03655 -0.4995341907069542
0.03650 -0.4995346781293324
0.03645 -0.4995351659370903
0.03640 -0.49953565412945783
0.03635 -0.49953614270426694
0.03630 -0.49953663165773093
0.03625 -0.49953712098421565
0.03620 -0.4995376618979016
0.03615 -0.4995381419712259
0.03610 -0.49953862238088914
0.03605 -0.4995391031415863
0.03600 -0.4995395842683456
0.03595 -0.4995400657763771
0.03590 -0.4995405476790296
0.03585 -0.4995410299996291
0.03580 -0.4995415127380263
0.03575 -0.4995419959164197
0.03570 -0.4995424795475802
0.03565 -0.4995429636429346
0.03560 -0.4995434482122467
0.03555 -0.499543933263314
0.03550 -0.49954441880168965
0.03545 -0.4995449048304415
0.03540 -0.4995453913697978
0.03535 -0.49954587805944073
0.03530 -0.4995463655425527
0.03525 -0.49954685350164224
0.03520 -0.4995473419260715
0.03515 -0.49954783080272813
0.03510 -0.499548320116303
0.03505 -0.49954880984962013
0.03500 -0.4995492999840111
0.03495 -0.4995497904997155
0.03490 -0.4995502813762938
0.03485 -0.4995507725930317
0.03480 -0.4995512641293403
0.03475 -0.49955175596512197
0.03470 -0.4995522480811168
0.03465 -0.49955274045921544
0.03460 -0.49955323308274147
0.03455 -0.4995537259366981
0.03450 -0.49955421900799835
0.03445 -0.49955471228565923
0.03440 -0.4995552057609842
0.03435 -0.4995556994277219
0.03430 -0.49955619328221096
0.03425 -0.4995566873235114
0.03420 -0.4995571815599555
0.03415 -0.4995576759935193
0.03410 -0.49955817062394225
0.03405 -0.4995586654607699
0.03400 -0.4995591605213692
0.03395 -0.4995596558237828
0.03390 -0.499560151388979
0.03385 -0.4995606472395475
0.03380 -0.4995611434036857
0.03375 -0.49956163990928
0.03370 -0.4995621367860759
0.03365 -0.4995626339178887
0.03360 -0.4995631319007306
0.03355 -0.4995636299614409
0.03350 -0.49956412859765204
0.03345 -0.49956462775436195
0.03340 -0.4995651275396935
0.03335 -0.49956562804696064
0.03330 -0.4995661289862923
0.03325 -0.49956663094269116
0.03320 -0.4995671332115225
0.03315 -0.49956763609278776
0.03310 -0.49956813962016416
0.03305 -0.4995686439307902
0.03300 -0.4995691488608017
0.03295 -0.4995696544554795
0.03290 -0.49957016073636484
0.03285 -0.4995706675565502
0.03280 -0.4995711750781699
0.03275 -0.49957168325422197
0.03270 -0.4995721919699911
0.03265 -0.4995727012598276
0.03260 -0.49957313449278573
0.03255 -0.49957362988804355
0.03250 -0.49957412564301396
0.03245 -0.4995746217931662
0.03240 -0.4995751183537065
0.03235 -0.49957561533524864
0.03230 -0.49957611265409996
0.03225 -0.4995766105573347
0.03220 -0.4995771087681108
0.03215 -0.4995776076611922
0.03210 -0.4995781067997576
0.03205 -0.4995786060696065
0.03200 -0.49957910607722567
0.03195 -0.49957960654915906
0.03190 -0.49958010759268534
0.03185 -0.49958060901438434
0.03180 -0.4995811106578952
0.03175 -0.4995816127797671
0.03170 -0.4995821154139081
0.03165 -0.49958261837962314
0.03160 -0.4995831215414919
0.03155 -0.4995836252184662
0.03150 -0.4995841295189421
0.03145 -0.49958463389418184
0.03140 -0.49958513871567434
0.03135 -0.49958564397830313
0.03130 -0.4995861492843548
0.03125 -0.49958665535375074
0.03120 -0.49958716153174626
0.03115 -0.49958767563260487
0.03110 -0.49958819833156265
0.03105 -0.4995887218740442
0.03100 -0.49958924560248913
0.03095 -0.4995897700263445
0.03090 -0.4995902949567922
0.03085 -0.499590820370368
0.03080 -0.4995913462954179
0.03075 -0.4995918727244228
0.03070 -0.49959240115632425
0.03065 -0.499592930515101
0.03060 -0.49959346008873334
0.03055 -0.49959399022999124
0.03050 -0.4995945207741686
0.03045 -0.4995950517194552
0.03040 -0.49959558306385204
0.03035 -0.4995961148054655
0.03030 -0.4995966469424347
0.03025 -0.49959717956993505
0.03020 -0.49959771249078233
0.03015 -0.4995982458013731
0.03010 -0.4995987794999031
0.03005 -0.49959931358457665
0.03000 -0.49959984796598556
0.02995 -0.4996003829127464
0.02990 -0.4996009181567334
0.02985 -0.49960145352187774
0.02980 -0.49960198966685027
0.02975 -0.49960252618116663
0.02970 -0.4996030627837818
0.02965 -0.4996036000137264
0.02960 -0.49960413739348053
0.02955 -0.49960467525866115
0.02950 -0.4996052134833993
0.02945 -0.49960575192018103
0.02940 -0.49960629089092345
0.02935 -0.499606830215172
0.02930 -0.49960736990178023
0.02925 -0.4996079099491866
0.02920 -0.4996084504775045
0.02915 -0.4996089912789556
0.02910 -0.49960953223369803
0.02905 -0.49961007390670104
0.02900 -0.49961061554361946
0.02895 -0.4996111577230155
0.02890 -0.49961170025229856
0.02885 -0.49961224312984726
0.02880 -0.4996127863540962
0.02875 -0.4996133299234608
0.02870 -0.4996138738363439
0.02865 -0.49961441826537833
0.02860 -0.49961496286220913
0.02855 -0.4996155077977689
0.02850 -0.4996160530704366
0.02845 -0.4996165986785828
0.02840 -0.49961714468958635
0.02835 -0.49961769073859597
0.02830 -0.4996182373415544
0.02825 -0.4996187842733493
0.02820 -0.49961933153230154
0.02815 -0.49961987911672273
0.02810 -0.4996204270249121
0.02805 -0.49962097525515514
0.02800 -0.49962152380572994
0.02795 -0.49962207267490677
0.02790 -0.499622621860935
0.02785 -0.4996231715371946
0.02780 -0.49962372135374206
0.02775 -0.49962427148186994
0.02770 -0.49962482191978314
0.02765 -0.4996253726656743
0.02760 -0.49962592371772313
0.02755 -0.49962647507409624
0.02750 -0.49962702673294757
0.02745 -0.49962757869241725
0.02740 -0.499628131231874
0.02735 -0.49962868378606173
0.02730 -0.4996292366352354
0.02725 -0.49962978977748007
0.02720 -0.49963034321032124
0.02715 -0.49963089693291546
0.02710 -0.49963145094275657
0.02705 -0.49963200523787576
0.02700 -0.49963255964332876
0.02695 -0.4996331146759799
0.02690 -0.49963366981498275
0.02685 -0.49963422523124895
0.02680 -0.4996347809227395
0.02675 -0.49963533688740286
0.02670 -0.49963589312317247
0.02665 -0.499636449627968
0.02660 -0.49963700639969566
0.02655 -0.4996375634362417
0.02650 -0.4996381207354959
0.02645 -0.4996386782953167
0.02640 -0.49963923611355515
0.02635 -0.4996397941880477
0.02630 -0.4996403525166183
0.02625 -0.4996409110970768
0.02620 -0.499641469927219
0.02615 -0.49964202900482835
0.02610 -0.4996425883276747
0.02605 -0.4996431478935141
0.02600 -0.49964370770009
0.02595 -0.4996442677451327
0.02590 -0.4996448280263596
0.02585 -0.4996453885414756
0.02580 -0.4996459492881724
0.02575 -0.49964651026412965
0.02570 -0.49964707146701437
0.02565 -0.49964763289448205
0.02560 -0.4996481945441747
0.02555 -0.49964875641372397
0.02550 -0.49964931850074895
0.02545 -0.4996498808028576
0.02540 -0.4996504433176463
0.02535 -0.4996510060427002
0.02530 -0.4996515689755939
0.02525 -0.4996521321138911
0.02520 -0.4996526954551449
0.02515 -0.49965325899689805
0.02510 -0.49965382273668374
0.02505 -0.4996543866720246
0.02500 -0.49965495080043504
0.02495 -0.49965551511941875
0.02490 -0.4996560796264713
0.02485 -0.49965664431907947
0.02480 -0.4996572091947215
0.02475 -0.49965777425086744
0.02470 -0.4996583394849798
0.02465 -0.4996589048945137
0.02460 -0.4996594704769168
0.02455 -0.4996600362296302
0.02450 -0.49966060215008834
0.02445 -0.4996611682357203
0.02440 -0.4996617344839483
0.02435 -0.4996623008921904
0.02430 -0.49966286745785904
0.02425 -0.49966343417836256
0.02420 -0.4996640010511047
0.02415 -0.4996645680734862
0.02410 -0.49966513524290457
0.02405 -0.49966570255675397
0.02400 -0.49966627001242675
0.02395 -0.4996668376073134
0.02390 -0.499667405338803
0.02385 -0.499667973204284
0.02380 -0.4996685412011445
0.02375 -0.49966910932677283
0.02370 -0.4996696775785587
0.02365 -0.49967024595392384
0.02360 -0.4996708144502006
0.02355 -0.4996713830648126
0.02350 -0.4996719517951584
0.02345 -0.4996725206386393
0.02340 -0.4996730895926625
0.02335 -0.4996736586546392
0.02330 -0.4996742278219865
0.02325 -0.49967479709212814
0.02320 -0.49967536646249494
0.02315 -0.4996759359305255
0.02310 -0.49967650549366693
0.02305 -0.4996770751493757
0.02300 -0.49967764489511846
0.02295 -0.49967821472837287
0.02290 -0.49967878464662785
0.02285 -0.4996793546473851
0.02280 -0.49967992472815964
0.02275 -0.4996804948864811
0.02270 -0.49968106511989346
0.02265 -0.4996816354259575
0.02260 -0.4996822058022504
0.02255 -0.49968277624636726
0.02250 -0.49968334675592246
0.02245 -0.49968391732855
0.02240 -0.4996844879619043
0.02235 -0.4996850586538085
0.02230 -0.49968562940119204
0.02225 -0.4996862002028012
0.02220 -0.49968677105500797
0.02215 -0.4996873419575805
0.02210 -0.4996879129074196
0.02205 -0.4996884839022456
0.02200 -0.4996890549399158
0.02195 -0.4996896260183192
0.02190 -0.49969019713537766
0.02185 -0.49969076828904724
0.02180 -0.4996913394773189
0.02175 -0.49969191084344927
0.02170 -0.4996924820330778
0.02165 -0.4996930532700972
0.02160 -0.49969362455107386
0.02155 -0.4996941958717263
0.02150 -0.4996947672253414
0.02145 -0.4996953386047294
0.02140 -0.4996959100017345
0.02135 -0.49969648141798756
0.02130 -0.4996970528487274
0.02125 -0.4996976243167847
0.02120 -0.49969819576029817
0.02115 -0.4996987672320599
0.02110 -0.4996993387173656
0.02105 -0.4996999102137327
0.02100 -0.4997004817145494
0.02095 -0.4997010532265079
0.02090 -0.4997016247164911
0.02085 -0.49970219614032946
0.02080 -0.4997027677885586
0.02075 -0.4997033393173433
0.02070 -0.4997039108485649
0.02065 -0.49970448238150567
0.02060 -0.4997050539147648
0.02055 -0.4997056254466604
0.02050 -0.49970619697978585
0.02045 -0.4997067685121603
0.02040 -0.4997073400434079
0.02035 -0.4997079115732353
0.02030 -0.4997084831014384
0.02025 -0.49970905462976317
0.02020 -0.49970962615458825
0.02015 -0.49971019767777136
0.02010 -0.4997107691995056
0.02005 -0.4997113407200863
0.02000 -0.49971191223991496
0.01995 -0.49971248375950017
0.01990 -0.4997130552793899
0.01985 -0.4997136268004991
0.01980 -0.49971419832357583
0.01975 -0.499714769849593
0.01970 -0.49971534137964585
0.01965 -0.4997159129149576
0.01960 -0.49971648445687933
0.01955 -0.49971705600689714
0.01950 -0.499717627566632
0.01945 -0.499718199137846
0.01940 -0.499718770722444
0.01935 -0.4997193423224784
0.01930 -0.4997199139401525
0.01925 -0.4997204855778235
0.01920 -0.4997210572380078
0.01915 -0.49972162892338406
0.01910 -0.49972220063679657
0.01905 -0.49972277238126134
0.01900 -0.4997233441599678
0.01895 -0.4997239159762846
0.01890 -0.49972448783376483
0.01885 -0.4997250597361481
0.01880 -0.499725631687367
0.01875 -0.4997262036915504
0.01870 -0.4997267757528226
0.01865 -0.49972734787623874
0.01860 -0.49972792006620953
0.01855 -0.49972849232769234
0.01850 -0.4997290646658667
0.01845 -0.49972963708613866
0.01840 -0.499730209594149
0.01835 -0.4997307821942757
0.01830 -0.49973135489578663
0.01825 -0.49973192770344876
0.01820 -0.4997325006239341
0.01815 -0.4997330736641957
0.01810 -0.4997336468314447
0.01805 -0.4997342201331356
0.01800 -0.4997347935769752
0.01795 -0.4997353671709416
0.01790 -0.4997359409475723
0.01785 -0.4997365148430441
0.01780 -0.4997370889421665
0.01775 -0.49973766321899254
0.01770 -0.49973823756697155
0.01765 -0.4997388123744062
0.01760 -0.49973938726981476
0.01755 -0.4997399623911561
0.01750 -0.4997405377497474
0.01745 -0.4997411133526989
0.01740 -0.4997416892175129
0.01735 -0.4997422653539422
0.01730 -0.4997428417745253
0.01725 -0.4997434184921943
0.01720 -0.49974399552027476
0.01715 -0.4997445728739693
0.01710 -0.4997451505665294
0.01705 -0.49974572861026195
0.01700 -0.4997463070220773
0.01695 -0.499746885817553
0.01690 -0.4997474650128076
0.01685 -0.4997480446242704
0.01680 -0.49974862466909836
0.01675 -0.4997492051648918
0.01670 -0.4997497861297897
0.01665 -0.49975036758248526
0.01660 -0.4997509495422413
0.01655 -0.4997515320289048
0.01650 -0.4997521150629228
0.01645 -0.49975269866536076
0.01640 -0.49975328285791626
0.01635 -0.4997538676629393
0.01630 -0.4997544531034495
0.01625 -0.49975503919832714
0.01620 -0.4997556259815479
0.01615 -0.4997562134736394
0.01610 -0.4997568017003525
0.01605 -0.499757390688548
0.01600 -0.4997579804654023
0.01595 -0.49975857105932636
0.01590 -0.4997591624992811
0.01585 -0.49975975481556506
0.01580 -0.49976034803887265
0.01575 -0.49976094220103623
0.01570 -0.49976153733511713
0.01565 -0.49976213347438625
0.01560 -0.4997644165555243
0.01555 -0.4997649471625986
0.01550 -0.4997654777164702
0.01545 -0.4997660082237393
0.01540 -0.49976653869119125
0.01535 -0.49976706912578345
0.01530 -0.49976759953465216
0.01525 -0.4997681299251143
0.01520 -0.4997686603046673
0.01515 -0.49976919068099074
0.01510 -0.4997697210619466
0.01505 -0.49977025145557874
0.01500 -0.4997707818701157
0.01495 -0.49977131231396904
0.01490 -0.49977184279573517
0.01485 -0.499772373324195
0.01480 -0.49977290390831486
0.01475 -0.49977343455724615
0.01470 -0.499773965280326
0.01465 -0.49977449608707736
0.01460 -0.499775026987209
0.01455 -0.49977555799056383
0.01450 -0.499776089107314
0.01445 -0.4997766203476847
0.01440 -0.4997771517221282
0.01435 -0.4997776832412817
0.01430 -0.4997782143373523
0.01425 -0.49977874616658263
0.01420 -0.49977927817328766
0.01415 -0.49977981036883634
0.01410 -0.4997803427647813
0.01405 -0.49978087537285704
0.01400 -0.4997814082049803
0.01395 -0.4997819412732485
0.01390 -0.49978247458993846
0.01385 -0.4997830081654346
0.01380 -0.4997835420132024
0.01375 -0.4997840761466372
0.01370 -0.4997846105786434
0.01365 -0.49978514532229273
0.01360 -0.4997856803908227
0.01355 -0.4997862157976345
0.01350 -0.4997867515611441
0.01345 -0.49978728769264946
0.01340 -0.49978782420491463
0.01335 -0.49978836111211294
0.01330 -0.4997888984249664
0.01325 -0.49978943616548865
0.01320 -0.4997899743444336
0.01315 -0.49979051297661137
0.01310 -0.49979105207698177
0.01305 -0.49979159153552577
0.01300 -0.499792131789985
0.01295 -0.4997926724525347
0.01290 -0.4997932135278701
0.01285 -0.4997937551868843
0.01280 -0.4997942974189443
0.01275 -0.49979484022873616
0.01270 -0.4997953836321518
0.01265 -0.4997959276643854
0.01260 -0.499796472280153
0.01255 -0.4997970175590723
0.01250 -0.4997975634771574
0.01245 -0.4997981100398468
0.01240 -0.4997986572454876
0.01235 -0.49979920542796097
0.01230 -0.49979975416691674
0.01225 -0.49980030364798045
0.01220 -0.49980085388915135
0.01215 -0.4998014049075473
0.01210 -0.4998019567202522
0.01205 -0.49980250934461945
0.01200 -0.4998030627980676
0.01195 -0.49980361709807447
0.01190 -0.49980417226217067
0.01185 -0.49980472830793454
0.01180 -0.4998052852529864
0.01175 -0.49980584311498094
0.01170 -0.4998064019116029
0.01165 -0.4998069616605597
0.01160 -0.4998075223795753
0.01155 -0.4998080840864027
0.01150 -0.4998086467988569
0.01145 -0.49980921053443034
0.01140 -0.49980977531276466
0.01135 -0.4998103411341968
0.01130 -0.49981090793831956
0.01125 -0.49981147606370596
0.01120 -0.4998120451810764
0.01115 -0.49981261542767874
0.01110 -0.4998131868209043
0.01105 -0.49981375937856853
0.01100 -0.4998143331179131
0.01095 -0.49981490808026174
0.01090 -0.4998154842110117
0.01085 -0.49981606160357905
0.01080 -0.4998166403129556
0.01075 -0.49981722014485686
0.01070 -0.4998178013364883
0.01065 -0.4998183838297868
0.01060 -0.49981896764995853
0.01055 -0.4998195527888128
0.01050 -0.49982013928907176
0.01045 -0.4998207271569561
0.01040 -0.4998213164111111
0.01035 -0.49982190706775054
0.01030 -0.4998224991407719
0.01025 -0.49982309266459474
0.01020 -0.49982368762860074
0.01015 -0.499824284060166
0.01010 -0.4998248819787761
0.01005 -0.49982548140448796
0.01000 -0.49982608235503323
0.00995 -0.49982668484749104
0.00990 -0.49982728890273165
0.00985 -0.49982789453738863
0.00980 -0.4998285017705131
0.00975 -0.4998291106252504
0.00970 -0.49982972112796337
0.00965 -0.4998303333081369
0.00960 -0.4998309473212228
0.00955 -0.49983156288509456
0.00950 -0.49983218020286957
0.00945 -0.4998327992662586
0.00940 -0.4998334202504702
0.00935 -0.4998340431046511
0.00930 -0.4998346678717323
0.00925 -0.4998352944838567
0.00920 -0.4998359233955971
0.00915 -0.49983655421428175
0.00910 -0.49983718716005865
0.00905 -0.4998378222922324
0.00900 -0.49983845967079443
0.00895 -0.49983909935497806
0.00890 -0.4998397414016207
0.00885 -0.4998403858635637
0.00880 -0.49984103278754594
0.00875 -0.4998416822133747
0.00870 -0.4998423341729278
0.00865 -0.49984298868904853
0.00860 -0.49984364577603313
0.00855 -0.49984430544003
0.00850 -0.499844967679422
0.00845 -0.49984563248952874
0.00840 -0.49984629985417683
0.00835 -0.49984696976235454
0.00830 -0.49984764219443983
0.00825 -0.4998483171336283
0.00820 -0.49984899455897924
0.00815 -0.4998496744523446
0.00810 -0.49985035679620804
0.00805 -0.4998510415737342
0.00800 -0.49985172876886375
0.00795 -0.4998524183639515
0.00790 -0.4998531104762755
0.00785 -0.4998538048364386
0.00780 -0.4998545015577646
0.00775 -0.49985520062906075
0.00770 -0.4998559020397397
0.00765 -0.499856605779776
0.00760 -0.49985731177327086
0.00755 -0.4998580201680556
0.00750 -0.49985873087033533
0.00745 -0.4998594438720915
0.00740 -0.49986015916562004
0.00735 -0.49986087674348184
0.00730 -0.4998615965984152
0.00725 -0.4998623187232846
0.00720 -0.49986304311107094
0.00715 -0.49986376975488367
0.00710 -0.49986449864798593
0.00705 -0.4998652297838294
0.00700 -0.49986596315610365
0.00695 -0.49986669875879364
0.00690 -0.4998674365867531
0.00685 -0.4998681766339657
0.00680 -0.4998689188961375
0.00675 -0.4998696635303957
0.00670 -0.499870410212932
0.00665 -0.49987115893640893
0.00660 -0.49987191002693804
0.00655 -0.4998726633218036
0.00650 -0.49987341882261305
0.00645 -0.49987417653268
0.00640 -0.4998749364573689
0.00635 -0.49987569859497766
0.00630 -0.49987646297649335
0.00625 -0.49987722960299863
0.00620 -0.49987799849273745
0.00615 -0.49987876966634504
0.00610 -0.49987954314878713
0.00605 -0.4998803189698952
0.00600 -0.49988109716498313
0.00595 -0.49988187777547083
0.00590 -0.4998826608496403
0.00585 -0.4998834464434483
0.00580 -0.49988423467179566
0.00575 -0.4998850253096765
0.00570 -0.4998858190365968
0.00565 -0.4998866154552028
0.00560 -0.49988741482318366
0.00555 -0.499888217265119
0.00550 -0.4998890229220102
0.00545 -0.49988983195315945
0.00540 -0.499890644538266
0.00535 -0.49989146087977676
0.00530 -0.4998922812055163
0.00525 -0.4998931057716462
0.00520 -0.49989393486599404
0.00515 -0.49989476881181416
0.00510 -0.49989560797204247
0.00505 -0.49989645275411837
0.00500 -0.4998973036154972
0.00495 -0.49989816106991686
0.00490 -0.499899905558257
0.00485 -0.49990061014157444
0.00480 -0.49990131488851003
0.00475 -0.4999020197579606
0.00470 -0.49990272471577435
0.00465 -0.4999034297350941
0.00460 -0.49990413479670176
0.00455 -0.4999048398893615
0.00450 -0.49990554501315804
0.00445 -0.4999062501663798
0.00440 -0.49990695546258135
0.00435 -0.4999076606407898
0.00430 -0.49990836601991423
0.00425 -0.4999090715474809
0.00420 -0.49990977727641434
0.00415 -0.49991048326970744
0.00410 -0.49991118960054143
0.00405 -0.499911896352326
0.00400 -0.4999126036194967
0.00395 -0.4999133100865285
0.00390 -0.49991401859454
0.00385 -0.4999147279502432
0.00380 -0.4999154382878962
0.00375 -0.4999161497515944
0.00370 -0.49991686249600326
0.00365 -0.4999175766871397
0.00360 -0.4999182925037082
0.00355 -0.49991901013873924
0.00350 -0.4999197298042065
0.00345 -0.4999204517380263
0.00340 -0.499921176211449
0.00335 -0.4999219035452514
0.00330 -0.49992263412955323
0.00325 -0.49992336844957186
0.00320 -0.4999241071124316
0.00315 -0.499924850861869
0.00310 -0.49992560056333335
0.00305 -0.49992635713362993
0.00300 -0.4999271214199724
0.00295 -0.49992789408462424
0.00290 -0.499928675555252
0.00285 -0.49992946606560523
0.00280 -0.4999302657445641
0.00275 -0.49993107470029013
0.00270 -0.49993189307372543
0.00265 -0.4999327210636773
0.00260 -0.4999335589343207
0.00255 -0.4999344070167659
0.00250 -0.4999352657103724
0.00245 -0.4999361353570396
0.00240 -0.49993701701357113
0.00235 -0.499937910616081
0.00230 -0.4999388174061848
0.00225 -0.4999397382199821
0.00220 -0.49994067421721516
0.00215 -0.49994162684188115
0.00210 -0.49994259791844015
0.00205 -0.49994358978430703
0.00200 -0.4999446054737065
0.00195 -0.49994564897550375
0.00190 -0.49994672559937076
0.00185 -0.49994811094061387
0.00180 -0.49994891933718133
0.00175 -0.4999497336920398
0.00170 -0.4999505530413384
0.00165 -0.49995137654024796
0.00160 -0.49995220348872765
0.00155 -0.49995573643753044
0.00150 -0.49995691614383647
0.00145 -0.49995809622327597
0.00140 -0.4999592848163276
0.00135 -0.4999604876039345
0.00130 -0.4999617143793947
0.00125 -0.49996297169262444
0.00120 -0.49996426364410307
0.00115 -0.4999655961213976
0.00110 -0.4999669787654707
0.00105 -0.49996842669095976
0.00100 -0.4999715962989661
0.00095 -0.4999731829118104
0.00090 -0.4999744149234843
0.00085 -0.49997566209531824
0.00080 -0.49997691641368736
0.00075 -0.4999781832564945
0.00070 -0.4999794900912585
0.00065 -0.49998087323174023
0.00060 -0.49998237529823886
0.00055 -0.49998420858786446
0.00050 -0.4999853821216577
0.00045 -0.499986615388174
0.00040 -0.49998792662655034
0.00035 -0.4999894339585706
0.00030 -0.49999117395062415
0.00025 -0.4999924028777936
0.00020 -0.49999403834124845
0.00015 -0.4999952110622849
0.00010 -0.4999966232900551
0.00005 -0.49999815839584066
