2,00 -0.12499994627456285
2,05 -0.12499994627456285
2,10 -0.12499994627456285
2,15 -0.12499994627456285
2,20 -0.12499994627456285
2,25 -0.12499994627456285
2,30 -0.12499994627456285
2,35 -0.12499994627456285
2,40 -0.12499994627456285
2,45 -0.12499994627456285
2,50 -0.12499994627456285
2,55 -0.12499994627456285
2,60 -0.12499994627456285
2,65 -0.12499994627456285
2,70 -0.12499994627456285
2,75 -0.12499994627456285
2,80 -0.12499994627456285
2,85 -0.12499994627456285
2,90 -0.12499994627456285
2,95 -0.12499994627456285
3,00 -0.4239672608555729
3,05 -0.4239672608555729
3,10 -0.4239672608555729
3,15 -0.4239672608555729
3,20 -0.4239672608555729
3,25 -0.4239672608555729
3,30 -0.4239672608555729
3,35 -0.4239672608555729
3,40 -0.4239672608555729
3,45 -0.4239672608555729
3,50 -0.4239672608555729
3,55 -0.4239672608555729
3,60 -0.4239672608555729
3,65 -0.4239672608555729
3,70 -0.4239672608555729
3,75 -0.4239672608555729
3,80 -0.4239672608555729
3,85 -0.4239672608555729
3,90 -0.4239672608555729
3,95 -0.4239672608555729
4,00 -0.4832652893173135
4,05 -0.4832652893173135
4,10 -0.4832652893173135
4,15 -0.4832652893173135
4,20 -0.4832652893173135
4,25 -0.4832652893173135
4,30 -0.4832652893173135
4,35 -0.4832652893173135
4,40 -0.4832652893173135
4,45 -0.4832652893173135
4,50 -0.4832652893173135
4,55 -0.4832652893173135
4,60 -0.4832652893173135
4,65 -0.4832652893173135
4,70 -0.4832652893173135
4,75 -0.4832652893173135
4,80 -0.4832652893173135
4,85 -0.4832652893173135
4,90 -0.4832652893173135
4,95 -0.4832652893173135
5,00 -0.4964169973414669
5,05 -0.4964169973414669
5,10 -0.4964169973414669
5,15 -0.4964169973414669
5,20 -0.4964169973414669
5,25 -0.4964169973414669
5,30 -0.4964169973414669
5,35 -0.4964169973414669
5,40 -0.4964169973414669
5,45 -0.4964169973414669
5,50 -0.4964169973414669
5,55 -0.4964169973414669
5,60 -0.4964169973414669
5,65 -0.4964169973414669
5,70 -0.4964169973414669
5,75 -0.4964169973414669
5,80 -0.4964169973414669
5,85 -0.4964169973414669
5,90 -0.4964169973414669
5,95 -0.4964169973414669
6,00 -0.4992772763936118
6,05 -0.4992772763936118
6,10 -0.4992772763936118
6,15 -0.4992772763936118
6,20 -0.4992772763936118
6,25 -0.4992772763936118
6,30 -0.4992772763936118
6,35 -0.4992772763936118
6,40 -0.4992772763936118
6,45 -0.4992772763936118
6,50 -0.4992772763936118
6,55 -0.4992772763936118
6,60 -0.4992772763936118
6,65 -0.4992772763936118
6,70 -0.4992772763936118
6,75 -0.4992772763936118
6,80 -0.4992772763936118
6,85 -0.4992772763936118
6,90 -0.4992772763936118
6,95 -0.4992772763936118
7,00 -0.49986256861443606
7,05 -0.49986256861443606
7,10 -0.49986256861443606
7,15 -0.49986256861443606
7,20 -0.49986256861443606
7,25 -0.49986256861443606
7,30 -0.49986256861443606
7,35 -0.49986256861443606
7,40 -0.49986256861443606
7,45 -0.49986256861443606
7,50 -0.49986256861443606
7,55 -0.49986256861443606
7,60 -0.49986256861443606
7,65 -0.49986256861443606
7,70 -0.49986256861443606
7,75 -0.49986256861443606
7,80 -0.49986256861443606
7,85 -0.49986256861443606
7,90 -0.49986256861443606
7,95 -0.49986256861443606
8,00 -0.49997509175454896
8,05 -0.49997509175454896
8,10 -0.49997509175454896
8,15 -0.49997509175454896
8,20 -0.49997509175454896
8,25 -0.49997509175454896
8,30 -0.49997509175454896
8,35 -0.49997509175454896
8,40 -0.49997509175454896
8,45 -0.49997509175454896
8,50 -0.49997509175454896
8,55 -0.49997509175454896
8,60 -0.49997509175454896
8,65 -0.49997509175454896
8,70 -0.49997509175454896
8,75 -0.49997509175454896
8,80 -0.49997509175454896
8,85 -0.49997509175454896
8,90 -0.49997509175454896
8,95 -0.49997509175454896
9,00 -0.4999956462145229
9,05 -0.4999956462145229
9,10 -0.4999956462145229
9,15 -0.4999956462145229
9,20 -0.4999956462145229
9,25 -0.4999956462145229
9,30 -0.4999956462145229
9,35 -0.4999956462145229
9,40 -0.4999956462145229
9,45 -0.4999956462145229
9,50 -0.4999956462145229
9,55 -0.4999956462145229
9,60 -0.4999956462145229
9,65 -0.4999956462145229
9,70 -0.4999956462145229
9,75 -0.4999956462145229
9,80 -0.4999956462145229
9,85 -0.4999956462145229
9,90 -0.4999956462145229
9,95 -0.4999956462145229
10,00 -0.4999992555252277
10,05 -0.4999992555252277
10,10 -0.4999992555252277
10,15 -0.4999992555252277
10,20 -0.4999992555252277
10,25 -0.4999992555252277
10,30 -0.4999992555252277
10,35 -0.4999992555252277
10,40 -0.4999992555252277
10,45 -0.4999992555252277
10,50 -0.4999992555252277
10,55 -0.4999992555252277
10,60 -0.4999992555252277
10,65 -0.4999992555252277
10,70 -0.4999992555252277
10,75 -0.4999992555252277
10,80 -0.4999992555252277
10,85 -0.4999992555252277
10,90 -0.4999992555252277
10,95 -0.4999992555252277
11,00 -0.49999987086970404
11,05 -0.49999987086970404
11,10 -0.49999987086970404
11,15 -0.49999987086970404
11,20 -0.49999987086970404
11,25 -0.49999987086970404
11,30 -0.49999987086970404
11,35 -0.49999987086970404
11,40 -0.49999987086970404
11,45 -0.49999987086970404
11,50 -0.49999987086970404
11,55 -0.49999987086970404
11,60 -0.49999987086970404
11,65 -0.49999987086970404
11,70 -0.49999987086970404
11,75 -0.49999987086970404
11,80 -0.49999987086970404
11,85 -0.49999987086970404
11,90 -0.49999987086970404
11,95 -0.49999987086970404
12,00 -0.4999999731557157
12,05 -0.4999999731557157
12,10 -0.4999999731557157
12,15 -0.4999999731557157
12,20 -0.4999999731557157
12,25 -0.4999999731557157
12,30 -0.4999999731557157
12,35 -0.4999999731557157
12,40 -0.4999999731557157
12,45 -0.4999999731557157
12,50 -0.4999999731557157
12,55 -0.4999999731557157
12,60 -0.4999999731557157
12,65 -0.4999999731557157
12,70 -0.4999999731557157
12,75 -0.4999999731557157
12,80 -0.4999999731557157
12,85 -0.4999999731557157
12,90 -0.4999999731557157
12,95 -0.4999999731557157
13,00 -0.49999999009698115
13,05 -0.49999999009698115
13,10 -0.49999999009698115
13,15 -0.49999999009698115
13,20 -0.49999999009698115
13,25 -0.49999999009698115
13,30 -0.49999999009698115
13,35 -0.49999999009698115
13,40 -0.49999999009698115
13,45 -0.49999999009698115
13,50 -0.49999999009698115
13,55 -0.49999999009698115
13,60 -0.49999999009698115
13,65 -0.49999999009698115
13,70 -0.49999999009698115
13,75 -0.49999999009698115
13,80 -0.49999999009698115
13,85 -0.49999999009698115
13,90 -0.49999999009698115
13,95 -0.49999999009698115
14,00 -0.4999999931444562
14,05 -0.4999999931444562
14,10 -0.4999999931444562
14,15 -0.4999999931444562
14,20 -0.4999999931444562
14,25 -0.4999999931444562
14,30 -0.4999999931444562
14,35 -0.4999999931444562
14,40 -0.4999999931444562
14,45 -0.4999999931444562
14,50 -0.4999999931444562
14,55 -0.4999999931444562
14,60 -0.4999999931444562
14,65 -0.4999999931444562
14,70 -0.4999999931444562
14,75 -0.4999999931444562
14,80 -0.4999999931444562
14,85 -0.4999999931444562
14,90 -0.4999999931444562
14,95 -0.4999999931444562
15,00 -0.4999999936942824
15,05 -0.4999999936942824
15,10 -0.4999999936942824
15,15 -0.4999999936942824
15,20 -0.4999999936942824
15,25 -0.4999999936942824
15,30 -0.4999999936942824
15,35 -0.4999999936942824
15,40 -0.4999999936942824
15,45 -0.4999999936942824
15,50 -0.4999999936942824
15,55 -0.4999999936942824
15,60 -0.4999999936942824
15,65 -0.4999999936942824
15,70 -0.4999999936942824
15,75 -0.4999999936942824
15,80 -0.4999999936942824
15,85 -0.4999999936942824
15,90 -0.4999999936942824
15,95 -0.4999999936942824
16,00 -0.49999999396492883
16,05 -0.49999999396492883
16,10 -0.49999999396492883
16,15 -0.49999999396492883
16,20 -0.49999999396492883
16,25 -0.49999999396492883
16,30 -0.49999999396492883
16,35 -0.49999999396492883
16,40 -0.49999999396492883
16,45 -0.49999999396492883
16,50 -0.49999999396492883
16,55 -0.49999999396492883
16,60 -0.49999999396492883
16,65 -0.49999999396492883
16,70 -0.49999999396492883
16,75 -0.49999999396492883
16,80 -0.49999999396492883
16,85 -0.49999999396492883
16,90 -0.49999999396492883
16,95 -0.49999999396492883
17,00 -0.4999999943518781
17,05 -0.4999999943518781
17,10 -0.4999999943518781
17,15 -0.4999999943518781
17,20 -0.4999999943518781
17,25 -0.4999999943518781
17,30 -0.4999999943518781
17,35 -0.4999999943518781
17,40 -0.4999999943518781
17,45 -0.4999999943518781
17,50 -0.4999999943518781
17,55 -0.4999999943518781
17,60 -0.4999999943518781
17,65 -0.4999999943518781
17,70 -0.4999999943518781
17,75 -0.4999999943518781
17,80 -0.4999999943518781
17,85 -0.4999999943518781
17,90 -0.4999999943518781
17,95 -0.4999999943518781
18,00 -0.4999999943796154
18,05 -0.4999999943796154
18,10 -0.4999999943796154
18,15 -0.4999999943796154
18,20 -0.4999999943796154
18,25 -0.4999999943796154
18,30 -0.4999999943796154
18,35 -0.4999999943796154
18,40 -0.4999999943796154
18,45 -0.4999999943796154
18,50 -0.4999999943796154
18,55 -0.4999999943796154
18,60 -0.4999999943796154
18,65 -0.4999999943796154
18,70 -0.4999999943796154
18,75 -0.4999999943796154
18,80 -0.4999999943796154
18,85 -0.4999999943796154
18,90 -0.4999999943796154
18,95 -0.4999999943796154
19,00 -0.49999999449918786
19,05 -0.49999999449918786
19,10 -0.49999999449918786
19,15 -0.49999999449918786
19,20 -0.49999999449918786
19,25 -0.49999999449918786
19,30 -0.49999999449918786
19,35 -0.49999999449918786
19,40 -0.49999999449918786
19,45 -0.49999999449918786
19,50 -0.49999999449918786
19,55 -0.49999999449918786
19,60 -0.49999999449918786
19,65 -0.49999999449918786
19,70 -0.49999999449918786
19,75 -0.49999999449918786
19,80 -0.49999999449918786
19,85 -0.49999999449918786
19,90 -0.49999999449918786
19,95 -0.49999999449918786
20,00 -0.4999999948664301
20,05 -0.4999999948664301
20,10 -0.4999999948664301
20,15 -0.4999999948664301
20,20 -0.4999999948664301
20,25 -0.4999999948664301
20,30 -0.4999999948664301
20,35 -0.4999999948664301
20,40 -0.4999999948664301
20,45 -0.4999999948664301
20,50 -0.4999999948664301
20,55 -0.4999999948664301
20,60 -0.4999999948664301
20,65 -0.4999999948664301
20,70 -0.4999999948664301
20,75 -0.4999999948664301
20,80 -0.4999999948664301
20,85 -0.4999999948664301
20,90 -0.4999999948664301
20,95 -0.4999999948664301
21,00 -0.4999999949458832
21,05 -0.4999999949458832
21,10 -0.4999999949458832
21,15 -0.4999999949458832
21,20 -0.4999999949458832
21,25 -0.4999999949458832
21,30 -0.4999999949458832
21,35 -0.4999999949458832
21,40 -0.4999999949458832
21,45 -0.4999999949458832
21,50 -0.4999999949458832
21,55 -0.4999999949458832
21,60 -0.4999999949458832
21,65 -0.4999999949458832
21,70 -0.4999999949458832
21,75 -0.4999999949458832
21,80 -0.4999999949458832
21,85 -0.4999999949458832
21,90 -0.4999999949458832
21,95 -0.4999999949458832
22,00 -0.49999999495591746
22,05 -0.49999999495591746
22,10 -0.49999999495591746
22,15 -0.49999999495591746
22,20 -0.49999999495591746
22,25 -0.49999999495591746
22,30 -0.49999999495591746
22,35 -0.49999999495591746
22,40 -0.49999999495591746
22,45 -0.49999999495591746
22,50 -0.49999999495591746
22,55 -0.49999999495591746
22,60 -0.49999999495591746
22,65 -0.49999999495591746
22,70 -0.49999999495591746
22,75 -0.49999999495591746
22,80 -0.49999999495591746
22,85 -0.49999999495591746
22,90 -0.49999999495591746
22,95 -0.49999999495591746
23,00 -0.49999999503925774
23,05 -0.49999999503925774
23,10 -0.49999999503925774
23,15 -0.49999999503925774
23,20 -0.49999999503925774
23,25 -0.49999999503925774
23,30 -0.49999999503925774
23,35 -0.49999999503925774
23,40 -0.49999999503925774
23,45 -0.49999999503925774
23,50 -0.49999999503925774
23,55 -0.49999999503925774
23,60 -0.49999999503925774
23,65 -0.49999999503925774
23,70 -0.49999999503925774
23,75 -0.49999999503925774
23,80 -0.49999999503925774
23,85 -0.49999999503925774
23,90 -0.49999999503925774
23,95 -0.49999999503925774
24,00 -0.4999999951513821
24,05 -0.4999999951513821
24,10 -0.4999999951513821
24,15 -0.4999999951513821
24,20 -0.4999999951513821
24,25 -0.4999999951513821
24,30 -0.4999999951513821
24,35 -0.4999999951513821
24,40 -0.4999999951513821
24,45 -0.4999999951513821
24,50 -0.4999999951513821
24,55 -0.4999999951513821
24,60 -0.4999999951513821
24,65 -0.4999999951513821
24,70 -0.4999999951513821
24,75 -0.4999999951513821
24,80 -0.4999999951513821
24,85 -0.4999999951513821
24,90 -0.4999999951513821
24,95 -0.4999999951513821
25,00 -0.4999999954175473
