1e-07 9.99999900000005e-08
0.0150000999 0.014776776030528706
0.0300000998 0.029113459951396043
0.0450000997 0.04301997770634644
0.060000099599999995 0.05650596018680855
0.0750000995 0.06958084686182375
0.0900000994 0.08225388934313335
0.10500009930000001 0.09453415488654095
0.12000009920000002 0.10643052983065715
0.13500009910000002 0.11795172297411519
0.15000009900000003 0.1291062688923271
0.16500009890000003 0.13990253119483245
0.18000009880000004 0.150348705724273
0.19500009870000004 0.16045282369800987
0.21000009860000005 0.17022275479338153
0.22500009850000005 0.17966621017758483
0.24000009840000006 0.18879074548314412
0.25500009830000003 0.19760376372991648
0.27000009820000004 0.20611251819456644
0.28500009810000004 0.21432411522842568
0.30000009800000005 0.2222455170246393
0.31500009790000005 0.22988354433548364
0.33000009780000006 0.23724487914072645
0.34500009770000006 0.24433606726788462
0.36000009760000007 0.2511635209652198
0.3750000975000001 0.2577335214282997
0.3900000974000001 0.2640522212809362
0.4050000973000001 0.27012564701129915
0.4200000972000001 0.2759597013639905
0.4350000971000001 0.28156016568885084
0.4500000970000001 0.28693270224725526
0.4650000969000001 0.29208285647664456
0.4800000968000001 0.297016059214024
0.4950000967000001 0.30173762887914973
0.5100000966000001 0.3062527736181092
0.5250000965000001 0.3105665934079929
0.5400000964000001 0.314684082123339
0.5550000963000001 0.3186101295650238
0.5700000962000001 0.3223495234522577
0.5850000961000001 0.3259069513783356
0.6000000960000001 0.3292870027307792
0.6150000959000002 0.3324941705764991
0.6300000958000002 0.3355328535125909
0.6450000957000002 0.33840735748337203
0.6600000956000002 0.34112189756425415
0.6750000955000002 0.34368059971303505
0.6900000954000002 0.34608750248918607
0.7050000953000002 0.34834655874169845
0.7200000952000002 0.35046163726604496
0.7350000951000002 0.35243652443080126
0.7500000950000002 0.354274925774464
0.7650000949000002 0.35598046757299184
0.7800000948000002 0.35755669837858767
0.7950000947000002 0.3590070905302307
0.8100000946000002 0.36033504163645885
0.8250000945000002 0.36154387603089205
0.8400000944000002 0.36263684620098047
0.8550000943000002 0.36361713419045194
0.8700000942000002 0.3644878529759245
0.8850000941000002 0.36525204781814335
0.9000000940000003 0.36591269758829204
0.9150000939000003 0.3664727160698208
0.9300000938000003 0.3669349532362269
0.9450000937000003 0.36730219650521495
0.9600000936000003 0.3675771719696567
0.9750000935000003 0.36776254560576344
0.9900000934000003 0.36786092445887625
1.0050000933000003 0.367874857807274
1.0200000932000002 0.36780683830438937
1.0350000931 0.3676593030998182
1.050000093 0.3674346349395012
1.0650000928999999 0.3671351632454489
1.0800000927999998 0.36676316517537577
1.0950000926999996 0.366320866662601
1.1100000925999995 0.36581044343657104
1.1250000924999994 0.3652340220243481
1.1400000923999993 0.3645936807334064
1.1550000922999992 0.36389145061607064
1.1700000921999991 0.36312931641592494
1.185000092099999 0.3623092174965162
1.200000091999999 0.361433048752668
1.2150000918999988 0.36050266150471927
1.2300000917999987 0.3595198643759907
1.2450000916999986 0.35848642415378373
1.2600000915999985 0.35740406663420565
1.2750000914999984 0.35627447745111185
1.2900000913999983 0.35509930288945246
1.3050000912999982 0.35388015068330125
1.320000091199998 0.3526185907988452
1.335000091099998 0.351316156202605
1.3500000909999978 0.34997434361515073
1.3650000908999977 0.3485946142505778
1.3800000907999976 0.34717839454199717
1.3950000906999975 0.34572707685329346
1.4100000905999974 0.3442420201773996
1.4250000904999973 0.3427245508213305
1.4400000903999972 0.3411759630782165
1.455000090299997 0.33959751988657094
1.470000090199997 0.33799045347702283
1.485000090099997 0.33635596600674345
1.5000000899999968 0.33469523018178743
1.5150000898999967 0.33300938986756967
1.5300000897999966 0.33129956068769223
1.5450000896999965 0.32956683061133324
1.5600000895999964 0.32781226052940554
1.5750000894999963 0.3260368848196893
1.5900000893999962 0.3242417119011392
1.605000089299996 0.3224277247775631
1.620000089199996 0.3205958815708663
1.6350000890999958 0.31874711604405087
1.6500000889999957 0.31688233811415734
1.6650000888999956 0.31500243435533243
1.6800000887999955 0.3131082684922029
1.6950000886999954 0.3112006818837323
1.7100000885999953 0.3092804939977356
1.7250000884999952 0.3073485028762218
1.740000088399995 0.3054054855917325
1.755000088299995 0.3034521986948421
1.7700000881999949 0.3014893786529806
1.7850000880999948 0.29951774228073935
1.8000000879999947 0.2975379871618146
1.8150000878999946 0.2955507920627446
1.8300000877999945 0.29355681733858846
1.8450000876999944 0.2915567053306974
1.8600000875999942 0.2895510807567224
1.8750000874999941 0.2875405510930019
1.890000087399994 0.28552570694946994
1.905000087299994 0.2835071224372221
1.9200000871999938 0.28148535552887616
1.9350000870999937 0.2794609484118587
1.9500000869999936 0.27743442783475025
1.9650000868999935 0.27540630544681566
1.9800000867999934 0.27337707813084705
1.9950000866999933 0.27134722832944314
2.010000086599993 0.26931722436484545
2.0250000864999933 0.26728752075245293
2.0400000863999934 0.26525855850812996
2.0550000862999935 0.2632307654494248
2.0700000861999936 0.2612045564908117
2.0850000860999938 0.2591803339330662
2.100000085999994 0.25715848774688477
2.115000085899994 0.2551393958508551
2.130000085799994 0.2531234243838824
2.1450000856999942 0.25111092797217516
2.1600000855999943 0.24910224999089267
2.1750000854999945 0.2470977228205528
2.1900000853999946 0.24509766809829955
2.2050000852999947 0.24310239696412508
2.220000085199995 0.24111221030214228
2.235000085099995 0.23912739897699922
2.250000084999995 0.2371482440655279
2.265000084899995 0.23517501708371583
2.2800000847999953 0.2332079802090892
2.2950000846999954 0.23124738649859317
2.3100000845999955 0.2292934801020547
2.3250000844999956 0.22734649647131072
2.3400000843999957 0.22540666256508377
2.355000084299996 0.22347419704968494
2.370000084199996 0.2215493104956235
2.385000084099996 0.2196322055702
2.400000083999996 0.2177230772261593
2.4150000838999963 0.21582211288647812
2.4300000837999964 0.2139294926253601
2.4450000836999966 0.21204538934551073
2.4600000835999967 0.21016996895176238
2.475000083499997 0.2083033905211194
2.490000083399997 0.20644580646929062
2.505000083299997 0.20459736271377676
2.520000083199997 0.20275819883357854
2.5350000830999972 0.20092844822558897
2.5500000829999974 0.1991082382577347
2.5650000828999975 0.1972976904189267
2.5800000827999976 0.19549692046588346
2.5950000826999977 0.1937060385668845
2.610000082599998 0.19192514944251457
2.625000082499998 0.19015435250345555
2.640000082399998 0.18839374198538306
2.655000082299998 0.18664340708102314
2.6700000821999983 0.18490343206942414
2.6850000820999984 0.18317389644249688
2.7000000819999985 0.18145487502887622
2.7150000818999986 0.17974643811515573
2.7300000817999988 0.17804865156454586
2.745000081699999 0.1763615769330059
2.760000081599999 0.17468527158289807
2.775000081499999 0.17301978879421284
2.790000081399999 0.1713651778734112
2.8050000812999993 0.16972148425993136
2.8200000811999995 0.16808874963040457
2.8350000810999996 0.1664670120006252
2.8500000809999997 0.16485630582531832
2.8650000809 0.16325666209574838
2.8800000808 0.1616681084352103
2.8950000807 0.16009066919244536
2.9100000806 0.15852436553302196
2.9250000805000003 0.15696921552872092
2.9400000804000004 0.1554252342449653
2.9550000803000005 0.1538924338263321
2.9700000802000006 0.15237082358018467
2.9850000801000007 0.15086041005846187
3.000000080000001 0.14936119713766097
3.015000079900001 0.14787318609704958
3.030000079800001 0.14639637569514194
3.045000079700001 0.14493076224447354
3.0600000796000013 0.14347633968470808
3.0750000795000014 0.1420330996541098
3.0900000794000015 0.1406010315594133
3.1050000793000017 0.13918012264412363
3.1200000792000018 0.13777035805527652
3.135000079100002 0.1363717209086909
3.150000079000002 0.13498419235274278
3.165000078900002 0.13360775163069055
3.1800000788000022 0.13224237614158044
3.1950000787000024 0.13088804149976105
3.2100000786000025 0.12954472159303404
3.2250000785000026 0.12821238863946943
3.2400000784000027 0.12689101324291144
3.255000078300003 0.12558056444720192
3.270000078200003 0.12428100978914701
3.285000078100003 0.1229923153502523
3.300000078000003 0.12171444580725167
3.3150000779000033 0.12044736448145413
3.3300000778000034 0.11919103338693268
3.3450000777000035 0.11794541327757871
3.3600000776000036 0.11671046369304504
3.3750000775000037 0.11548614300360031
3.390000077400004 0.11427240845391697
3.405000077300004 0.11306921620581452
3.420000077200004 0.11187652137997962
3.435000077100004 0.11069427809668385
3.4500000770000043 0.1095224395155199
3.4650000769000044 0.10836095787417638
3.4800000768000046 0.1072097845262708
3.4950000767000047 0.10606886997826061
3.510000076600005 0.104938163925451
3.525000076500005 0.10381761528711822
3.540000076400005 0.10270717224076713
3.555000076300005 0.10160678225554044
3.5700000762000053 0.10051639212479767
3.5850000761000054 0.09943594799788107
3.6000000760000055 0.0983653954110854
3.6150000759000056 0.09730467931784843
3.6300000758000057 0.09625374411817816
3.645000075700006 0.0952125336873332
3.660000075600006 0.09418099140377174
3.675000075500006 0.09315906017638455
3.690000075400006 0.09214668247102742
3.7050000753000063 0.09114380033636744
3.7200000752000064 0.09015035542905793
3.7350000751000065 0.08916628903825632
3.7500000750000066 0.08819154210949876
3.7650000749000068 0.08722605526794534
3.780000074800007 0.08626976884100938
3.795000074700007 0.0853226228803838
3.810000074600007 0.08438455718347768
3.8250000745000072 0.08345551131427575
3.8400000744000073 0.08253542462363296
3.8550000743000075 0.0816242362690165
3.8700000742000076 0.08072188523370742
3.8850000741000077 0.0798283103454731
3.900000074000008 0.07894345029472256
3.915000073900008 0.07806724365215552
3.930000073800008 0.07719962888591636
3.945000073700008 0.07634054437826397
3.9600000736000083 0.07548992844176788
3.9750000735000084 0.07464771933504112
3.9900000734000085 0.07381385527802016
4.005000073300009 0.07298827446680181
4.020000073200008 0.07217091508804689
4.035000073100008 0.07136171533296025
4.050000073000008 0.0705606134108567
4.065000072900007 0.06976754756232195
4.080000072800007 0.06898245607197769
4.095000072700007 0.06820527728085954
4.110000072600006 0.06743594959841678
4.125000072500006 0.06667441151414229
4.140000072400006 0.06592060160884083
4.155000072300005 0.06517445856554441
4.170000072200005 0.06443592118008193
4.185000072100005 0.06370492837131195
4.200000072000004 0.06298141919102535
4.215000071900004 0.06226533283352605
4.230000071800004 0.06155660864489704
4.245000071700003 0.06085518613195872
4.260000071600003 0.060161004970927065
4.275000071500003 0.05947400501577819
4.290000071400002 0.058794126306326404
4.305000071300002 0.058121309076022296
4.320000071200002 0.05745549375947743
4.335000071100001 0.056796620999722026
4.350000071000001 0.05614463165520209
4.365000070900001 0.05549946680652177
4.3800000708 0.05486106776293744
4.3950000707 0.05422937606860899
4.4100000706 0.05360433350861439
4.425000070499999 0.05298588211473312
4.440000070399999 0.05237396417100385
4.455000070299999 0.051768522219062155
4.4700000701999985 0.05116949906326319
4.485000070099998 0.05057683777559485
4.500000069999998 0.049990481700386384
4.5150000698999975 0.049410374458817415
4.530000069799997 0.04883645995323246
4.545000069699997 0.04826868237126544
4.5600000695999965 0.04770698618977928
4.575000069499996 0.04715131617862474
4.590000069399996 0.04660161740422337
4.6050000692999955 0.04605783523297876
4.620000069199995 0.04551991533452054
4.635000069099995 0.044987803684785214
4.6500000689999945 0.04446144656893812
4.665000068899994 0.04394079058414046
4.680000068799994 0.04342578264216541
4.6950000686999935 0.042916369971867104
4.710000068599993 0.042412500121506554
4.725000068499993 0.041914120960937766
4.7400000683999925 0.041421180683658194
4.755000068299992 0.04093362780872673
4.770000068199992 0.04045141118255292
4.785000068099992 0.03997447998056065
4.800000067999991 0.03950278370872983
4.815000067899991 0.03903627220501919
4.830000067799991 0.03857489564067349
4.84500006769999 0.03811860452141813
4.86000006759999 0.037667349688544426
4.87500006749999 0.03722108231988834
4.890000067399989 0.03677975393070577
4.905000067299989 0.0363433163744471
4.920000067199989 0.035911721843433955
4.935000067099988 0.03548492286944082
4.950000066999988 0.0350628723241842
4.965000066899988 0.03464552341972208
4.980000066799987 0.034232829708765955
4.995000066699987 0.03382474508490835
5.010000066599987 0.03342122378276786
5.025000066499986 0.033022220378054454
5.040000066399986 0.03262768978755718
5.055000066299986 0.03223758726905665
5.070000066199985 0.031851868421164505
5.085000066099985 0.0314704891830921
5.100000065999985 0.031093405834350548
5.115000065899984 0.030720574994384155
5.130000065799984 0.03035195362213938
5.145000065699984 0.029987499015571246
5.160000065599983 0.02962716881108925
5.175000065499983 0.02927092098294455
5.190000065399983 0.02891871384256048
5.205000065299982 0.028570506037807995
5.220000065199982 0.028226256552228084
5.235000065099982 0.027885924704202654
5.250000064999981 0.02754947014607576
5.265000064899981 0.027216852863226764
5.280000064799981 0.026888033173097063
5.29500006469998 0.026562971724171987
5.31000006459998 0.026241629494919413
5.32500006449998 0.02592396779268659
5.340000064399979 0.025609948252556667
5.355000064299979 0.025299532836166427
5.370000064199979 0.024992683830486483
5.3850000640999784 0.024689363846565508
5.400000063999978 0.02438953581823968
5.415000063899978 0.02409316300080876
5.4300000637999775 0.023800208969680013
5.445000063699977 0.023510637618981298
5.460000063599977 0.023224413160144446
5.4750000634999765 0.02294150012046022
5.490000063399976 0.02266186334160593
5.505000063299976 0.02238546797814694
5.5200000631999755 0.022112279496013038
5.535000063099975 0.021842263670950858
5.550000062999975 0.021575386586953373
5.5650000628999745 0.021311614634667467
5.580000062799974 0.021050914509780593
5.595000062699974 0.020793253211387516
5.6100000625999735 0.020538598040338057
5.625000062499973 0.0202869165975668
5.640000062399973 0.020038176782405638
5.6550000622999725 0.01979234679088005
5.670000062199972 0.01954939511398998
5.685000062099972 0.0193092905359761
5.700000061999972 0.01907200213257239
5.715000061899971 0.01883749926924567
5.730000061799971 0.018605751599423
5.745000061699971 0.018376729062707604
5.76000006159997 0.018150401883084106
5.77500006149997 0.01792674056711379
5.79000006139997 0.01770571590212051
5.805000061299969 0.017487298954368066
5.820000061199969 0.01727146106722953
5.835000061099969 0.01705817385934931
5.850000060999968 0.016847409222798513
5.865000060899968 0.016639139321224194
5.880000060799968 0.016433336587993133
5.895000060699967 0.016229973724330663
5.910000060599967 0.016029023697455163
5.925000060499967 0.0158304597387087
5.940000060399966 0.01563425534168438
5.955000060299966 0.015440384260350921
5.970000060199966 0.015248820507174946
5.985000060099965 0.015059538351241443
6.000000059999965 0.014872512316372951
6.015000059899965 0.01468771717924779
6.030000059799964 0.014505127967517939
6.045000059699964 0.014324719957926854
6.060000059599964 0.014146468674427717
6.075000059499963 0.013970349886302521
6.090000059399963 0.01379633960628234
6.105000059299963 0.013624414088669202
6.120000059199962 0.013454549827459934
6.135000059099962 0.013286723554472323
6.150000058999962 0.013120912237473909
6.165000058899961 0.012957093078313848
6.180000058799961 0.012795243511058041
6.195000058699961 0.01263534120012793
6.21000005859996 0.012477364038443248
6.22500005849996 0.012321290145569005
6.24000005839996 0.012167097865866993
6.255000058299959 0.012014765766652108
6.270000058199959 0.011864272636353741
6.285000058099959 0.011715597482682487
6.300000057999958 0.011568719530802442
6.315000057899958 0.011423618221509316
6.330000057799958 0.011280273209414585
6.3450000576999575 0.011138664361135933
6.360000057599957 0.010998771753494162
6.375000057499957 0.010860575671716824
6.3900000573999565 0.010724056607648722
6.405000057299956 0.010589195257969527
6.420000057199956 0.010455972522418642
6.4350000570999555 0.010324369502027557
6.450000056999955 0.010194367497359788
6.465000056899955 0.010065948006758633
6.4800000567999545 0.00993909272460287
6.495000056699954 0.009813783539570554
6.510000056599954 0.009690002532911055
6.5250000564999535 0.009567731976725483
6.540000056399953 0.009446954332255638
6.555000056299953 0.009327652248181603
6.5700000561999525 0.009209808558928084
6.585000056099952 0.00909340628297967
6.600000055999952 0.008978428621205056
6.6150000558999515 0.008864858955190388
6.630000055799951 0.00875268084558179
6.645000055699951 0.008641878030437197
6.660000055599951 0.008532434423587578
6.67500005549995 0.00842433411300763
6.69000005539995 0.008317561359196009
6.70500005529995 0.00821210059356522
6.720000055199949 0.008107936416841186
6.735000055099949 0.0080050535974726
6.750000054999949 0.007903437070050102
6.765000054899948 0.007803071933735362
6.780000054799948 0.007703943450700108
6.795000054699948 0.007606037044575145
6.810000054599947 0.007509338298909441
6.825000054499947 0.0074138329556393
6.840000054399947 0.007319506913567665
6.855000054299946 0.007226346226853606
6.870000054199946 0.007134337103512009
6.885000054099946 0.007043465903923495
6.900000053999945 0.0069537191393546196
6.915000053899945 0.006865083470488354
6.930000053799945 0.0067775457059648814
6.945000053699944 0.006691092800932721
6.960000053599944 0.006605711855610202
6.975000053499944 0.0065213901138572936
6.990000053399943 0.006438114961757806
7.005000053299943 0.006355873926211975
7.020000053199943 0.006274654673539416
7.035000053099942 0.006194445008092484
7.050000052999942 0.006115232870879995
7.065000052899942 0.006037006338201353
7.080000052799941 0.00595975362029105
7.095000052699941 0.005883463059973532
7.110000052599941 0.00580812313132844
7.12500005249994 0.005733722438366211
7.14000005239994 0.005660249713713997
7.15500005229994 0.005587693817311942
7.170000052199939 0.005516043735119757
7.185000052099939 0.0054452885778335765
7.200000051999939 0.005375417579613116
7.215000051899938 0.005306420096819058
7.230000051799938 0.00523828560676068
7.245000051699938 0.005171003706453684
7.260000051599937 0.0051045641113882
7.275000051499937 0.005038956654306946
7.290000051399937 0.004974171283993509
7.3050000512999365 0.00491019806407071
7.320000051199936 0.0048470271718090395
7.335000051099936 0.004784648896945104
7.3500000509999355 0.00472305364051008
7.365000050899935 0.00466223191366811
7.380000050799935 0.004602174336564622
7.3950000506999345 0.004542871637184537
7.410000050599934 0.0044843146502203095
7.425000050499934 0.004426494315949774
7.4400000503999335 0.004369401679123748
7.455000050299933 0.004313027887863368
7.470000050199933 0.0042573641925670825
7.4850000500999325 0.004202401944827294
7.500000049999932 0.004148132596356579
7.515000049899932 0.004094547697923458
7.5300000497999315 0.004041638898297659
7.545000049699931 0.003989397943204823
7.560000049599931 0.0039378166742906305
7.5750000494999306 0.0038868870280942634
7.59000004939993 0.00383660103503118
7.60500004929993 0.0037869508183851494
7.62000004919993 0.003737928593309479
7.635000049099929 0.00368952666583741
7.650000048999929 0.0036417374319016103
7.665000048899929 0.0035945533763627165
7.680000048799928 0.00354796707204688
7.695000048699928 0.00350197117879226
7.710000048599928 0.003456558442504406
7.725000048499927 0.0034117216942204857
7.740000048399927 0.0033674538491822955
7.755000048299927 0.003323747905918008
7.770000048199926 0.0032805969453325885
7.785000048099926 0.003237994129806848
7.800000047999926 0.003195932702305049
7.815000047899925 0.003154405985491036
7.830000047799925 0.003113407380852813
7.845000047699925 0.003072930367835531
7.860000047599924 0.0030329685029828113
7.875000047499924 0.0029935154190863645
7.890000047399924 0.002954564824343836
7.905000047299923 0.0029161105015248303
7.920000047199923 0.0028781463071450527
7.935000047099923 0.0028406661706485126
7.950000046999922 0.0028036640935977302
7.965000046899922 0.002767134148871894
7.980000046799922 0.002731070479872906
7.995000046699921 0.0026954672997392603
8.010000046599922 0.002660318890567697
8.025000046499922 0.0026256196026425817
8.040000046399923 0.002591363853672936
8.055000046299924 0.0025575461280370757
8.070000046199924 0.0025241609760348013
8.085000046099925 0.0024912030131470685
8.100000045999925 0.0024586669193031
8.115000045899926 0.002426547438154867
8.130000045799926 0.0023948393763588865
8.145000045699927 0.0023635376028652887
8.160000045599928 0.0023326370482140766
8.175000045499928 0.0023021327038385423
8.190000045399929 0.002272019621375763
8.20500004529993 0.0022422929119841443
8.22000004519993 0.0022129477456679257
8.23500004509993 0.002183979350608615
8.250000044999931 0.002155383012503285
8.265000044899931 0.0021271540739096774
8.280000044799932 0.002099287933598057
8.295000044699933 0.002071780045909764
8.310000044599933 0.0020446259201224062
8.325000044499934 0.002017821119821634
8.340000044399934 0.001991361262279446
8.355000044299935 0.001965242017838968
8.370000044199935 0.0019394591093056524
8.385000044099936 0.0019140083113448397
8.400000043999936 0.0018888854498856319
8.415000043899937 0.0018640864015310192
8.430000043799938 0.0018396070929742104
8.445000043699938 0.0018154435004211081
8.460000043599939 0.0017915916490188805
8.47500004349994 0.0017680476122905698
8.49000004339994 0.0017448075115756917
8.50500004329994 0.001721867515476765
8.520000043199941 0.001699223839311726
8.535000043099942 0.0016768727445721707
8.550000042999942 0.0016548105383873725
8.565000042899943 0.0016330335729940265
8.580000042799943 0.0016115382452116657
8.595000042699944 0.0015903209959237004
8.610000042599944 0.001569378309564027
8.625000042499945 0.0015487067136091567
8.640000042399945 0.0015283027780758154
8.655000042299946 0.001508163115023959
8.670000042199947 0.0014882843780651613
8.685000042099947 0.001468663261876319
8.700000041999948 0.0014492965017186275
8.715000041899948 0.0014301808729617765
8.730000041799949 0.0014113131906133194
8.74500004169995 0.0013926903088531631
8.76000004159995 0.001374309120573136
8.77500004149995 0.0013561665569215824
8.790000041399951 0.0013382595868529328
8.805000041299952 0.0013205852166822138
8.820000041199952 0.0013031404896444354
8.835000041099953 0.0012859224854588226
8.850000040999953 0.0012689283198978355
8.865000040899954 0.0012521551443609375
8.880000040799954 0.001235600145453063
8.895000040699955 0.001219260544567738
8.910000040599956 0.0012031335974748143
8.925000040499956 0.001187216593912766
8.940000040399957 0.0011715068571855037
8.955000040299957 0.0011560017437636698
8.970000040199958 0.0011406986428903624
8.985000040099958 0.0011255949761912478
9.000000039999959 0.00111068819728902
9.01500003989996 0.0010959757914221597
9.03000003979996 0.0010814552750679567
9.04500003969996 0.0010671241955697445
9.060000039599961 0.0010529801307683146
9.075000039499962 0.0010390206886374622
9.090000039399962 0.0010252435069236239
9.105000039299963 0.0010116462527895672
9.120000039199963 0.00099822662246209
9.135000039099964 0.0009849823408836903
9.150000038999965 0.0009719111613681649
9.165000038899965 0.0009590108652600988
9.180000038799966 0.0009462792615982049
9.195000038699966 0.0009337141867824746
9.210000038599967 0.0009213135042451016
9.225000038499967 0.0009090751041251387
9.240000038399968 0.000896996902946851
9.255000038299968 0.0008850768433017261
9.270000038199969 0.000873312893534105
9.28500003809997 0.0008617030474303959
9.30000003799997 0.0008502453239118326
9.31500003789997 0.0008389377667307436
9.330000037799971 0.0008277784441702926
9.345000037699972 0.0008167654487476569
9.360000037599972 0.0008058968969206049
9.375000037499973 0.0007951709287974411
9.390000037399973 0.000784585707850279
9.405000037299974 0.0007741394206316121
9.420000037199975 0.0007638302764941422
9.435000037099975 0.0007536565073138382
9.450000036999976 0.0007436163672161834
9.465000036899976 0.0007337081323055851
9.480000036799977 0.0007239301003979077
9.495000036699977 0.0007142805907560981
9.510000036599978 0.0007047579438288721
9.525000036499979 0.0006953605209924268
9.540000036399979 0.0006860867042951478
9.55500003629998 0.0006769348962052804
9.57000003619998 0.0006679035193615302
9.58500003609998 0.0006589910163265664
9.600000035999981 0.0006501958493433916
9.615000035899982 0.00064151650009455
9.630000035799982 0.000632951469464145
9.645000035699983 0.0006244992773026325
9.660000035599984 0.000616158462194361
9.675000035499984 0.0006079275812278323
9.690000035399985 0.0005998052097686472
9.705000035299985 0.0005917899412351132
9.720000035199986 0.00058388038687648
9.735000035099986 0.0005760751755537795
9.750000034999987 0.0005683729535232371
9.765000034899987 0.0005607723842222291
9.780000034799988 0.0005532721480577584
9.795000034699989 0.0005458709421974195
9.81000003459999 0.0005385674803628268
9.82500003449999 0.0005313604926254777
9.84000003439999 0.0005242487252050272
9.85500003429999 0.0005172309402699423
9.870000034199991 0.0005103059157405146
9.885000034099992 0.000503472445094203
9.900000033999993 0.0004967293371732802
9.915000033899993 0.0004900754159947601
9.930000033799994 0.0004835095205625772
9.945000033699994 0.0004770305046819964
9.960000033599995 0.0004706372367762269
9.975000033499995 0.000464328599705215
9.990000033399996 0.0004581034905865933
10.005000033299996 0.000451960820618761
10.020000033199997 0.000445899514906072
10.035000033099998 0.00043991851228610717
10.050000032999998 0.0004340167651590071
10.065000032899999 0.0004281932393188432
10.0800000328 0.00042244691378700357
10.0950000327 0.0004167767806475708
10.1100000326 0.00041118184488467003
10.125000032500001 0.00040566112422176463
10.140000032400001 0.0004002136489628779
10.155000032300002 0.0003948384618357184
10.170000032200003 0.00038953461783668825
10.185000032100003 0.0003843011840777527
10.200000032000004 0.00037913723963514944
10.215000031900004 0.00037404187539991817
10.230000031800005 0.00036901419393022797
10.245000031700005 0.0003640533093054836
10.260000031600006 0.00035915834698218956
10.275000031500007 0.0003543284436515524
10.290000031400007 0.0003495627470988013
10.305000031300008 0.0003448604160642071
10.320000031200008 0.0003402206201057811
10.335000031100009 0.0003356425394636328
10.35000003100001 0.0003311253649259706
10.36500003090001 0.00032666829769672286
10.38000003080001 0.0003222705492647638
10.395000030700011 0.00031793134127472433
10.410000030600012 0.0003136499053993698
10.425000030500012 0.00030942548321352686
10.440000030400013 0.0003052573260695419
10.455000030300013 0.0003011446949742523
10.470000030200014 0.00029708686046745435
10.485000030100014 0.00029308310250184965
10.500000030000015 0.0002891327103244533
10.515000029900015 0.0002852349823594471
10.530000029800016 0.0002813892260924604
10.545000029700017 0.00027759475795626284
10.560000029600017 0.0002738509032178518
10.575000029500018 0.0002701569958669194
10.590000029400018 0.0002665123785056815
10.605000029300019 0.0002629164022400546
10.62000002920002 0.00025936842657216366
10.63500002910002 0.00025586781929416556
10.65000002900002 0.0002524139563833734
10.665000028900021 0.00024900622189866597
10.680000028800022 0.0002456440078781672
10.695000028700022 0.0002423267142381814
10.710000028600023 0.00023905374867336907
10.725000028500023 0.0002358245265581485
10.740000028400024 0.0002326384708493096
10.755000028300024 0.00022949501198982512
10.770000028200025 0.0002263935878138452
10.785000028100026 0.00022333364345286172
10.800000028000026 0.00022031463124302803
10.815000027900027 0.0002173360106336213
10.830000027800027 0.00021439724809663329
10.845000027700028 0.00021149781703747652
10.860000027600028 0.00020863719770679285
10.875000027500029 0.00020581487711335077
10.89000002740003 0.00020303034893801977
10.90500002730003 0.00020028311344880725
10.92000002720003 0.0001975726774169474
10.935000027100031 0.00019489855403402787
10.950000027000032 0.0001922602628301429
10.965000026900032 0.0001896573295930603
10.980000026800033 0.00018708928628839063
10.995000026700033 0.000184555670980746
11.010000026600034 0.00018205602775587753
11.025000026500035 0.0001795899066437789
11.040000026400035 0.0001771568635427455
11.055000026300036 0.00017475646014437693
11.070000026200036 0.0001723882638595117
11.085000026100037 0.00017005184774508382
11.100000026000037 0.00016774679043188894
11.115000025900038 0.00016547267605325028
11.130000025800038 0.000163229094174573
11.145000025700039 0.00016101563972377664
11.16000002560004 0.00015883191292259457
11.17500002550004 0.00015667751921873108
11.19000002540004 0.00015455206921886457
11.205000025300041 0.0001524551786224876
11.220000025200042 0.0001503864681565735
11.235000025100042 0.00014834556351105922
11.250000025000043 0.00014633209527513502
11.265000024900043 0.00014434569887433133
11.280000024800044 0.00014238601450839263
11.295000024700045 0.0001404526870899295
11.310000024600045 0.00013854536618383904
11.325000024500046 0.0001366637059474844
11.340000024400046 0.00013480736507162443
11.355000024300047 0.00013297600672208446
11.370000024200047 0.00013116929848215852
11.385000024100048 0.00012938691229573532
11.400000024000049 0.00012762852441113812
11.415000023900049 0.0001258938153256704
11.43000002380005 0.00012418246973085873
11.44500002370005 0.00012249417645838426
11.46000002360005 0.00012082862842669445
11.475000023500051 0.00011918552258828676
11.490000023400052 0.00011756455987765639
11.505000023300052 0.0001159654451598995
11.520000023200053 0.00011438788717996435
11.535000023100054 0.0001128315985125424
11.550000023000054 0.00011129629551259122
11.565000022900055 0.00010978169826648196
11.580000022800055 0.00010828753054376346
11.595000022700056 0.00010681351974953567
11.610000022600056 0.00010535939687742454
11.625000022500057 0.00010392489646315167
11.640000022400057 0.00010250975653869077
11.655000022300058 0.00010111371858700412
11.670000022200059 9.973652749735193e-05
11.68500002210006 9.837793152116748e-05
11.70000002200006 9.703768222849086e-05
11.71500002190006 9.571553446495508e-05
11.73000002180006 9.441124630931714e-05
11.745000021700061 9.312457903152763e-05
11.760000021600062 9.185529705133228e-05
11.775000021500063 9.06031678973989e-05
11.790000021400063 8.936796216696302e-05
11.805000021300064 8.814945348598619e-05
11.820000021200064 8.694741846982034e-05
11.835000021100065 8.576163668437222e-05
11.850000021000065 8.459189060776138e-05
11.865000020900066 8.343796559246602e-05
11.880000020800066 8.229964982795037e-05
11.895000020700067 8.11767343037678e-05
11.910000020600068 8.006901277313384e-05
11.925000020500068 7.897628171696297e-05
11.940000020400069 7.789834030836397e-05
11.95500002030007 7.683499037758761e-05
11.97000002020007 7.578603637742143e-05
11.98500002010007 7.475128534902599e-05
12.000000020000071 7.373054688820702e-05
12.015000019900071 7.272363311211821e-05
12.030000019800072 7.173035862638908e-05
12.045000019700073 7.075054049267296e-05
12.060000019600073 6.978399819660954e-05
12.075000019500074 6.883055361619705e-05
12.090000019400074 6.789003099056893e-05
12.105000019300075 6.696225688916984e-05
12.120000019200075 6.60470601813262e-05
12.135000019100076 6.514427200620635e-05
12.150000019000077 6.42537257431652e-05
12.165000018900077 6.337525698246898e-05
12.180000018800078 6.250870349639504e-05
12.195000018700078 6.165390521070216e-05
12.210000018600079 6.081070417646671e-05
12.22500001850008 5.99789445422801e-05
12.24000001840008 5.915847252680291e-05
12.25500001830008 5.834913639167151e-05
12.270000018200081 5.7550786414752406e-05
12.285000018100082 5.676327486374017e-05
12.300000018000082 5.5986455970094746e-05
12.315000017900083 5.52201859033135e-05
12.330000017800083 5.446432274553431e-05
12.345000017700084 5.3718726466465193e-05
12.360000017600084 5.2983258898636474e-05
12.375000017500085 5.22577837129715e-05
12.390000017400085 5.154216639467185e-05
12.405000017300086 5.083627421941308e-05
12.420000017200087 5.013997622984717e-05
12.435000017100087 4.9453143212407755e-05
12.450000017000088 4.877564767441426e-05
12.465000016900088 4.8107363821471456e-05
12.480000016800089 4.7448167535160296e-05
12.49500001670009 4.679793635101683e-05
12.51000001660009 4.615654943679515e-05
12.52500001650009 4.552388757101109e-05
12.540000016400091 4.489983312176296e-05
12.555000016300092 4.428427002582593e-05
12.570000016200092 4.367708376801648e-05
12.585000016100093 4.3078161360823734e-05
12.600000016000093 4.248739132430404e-05
12.615000015900094 4.190466366623561e-05
12.630000015800094 4.1329869862530046e-05
12.645000015700095 4.0762902837897136e-05
12.660000015600096 4.020365694676021e-05
12.675000015500096 3.96520279544185e-05
12.690000015400097 3.910791301845349e-05
12.705000015300097 3.857121067037624e-05
12.720000015200098 3.8041820797512596e-05
12.735000015100098 3.751964462512318e-05
12.750000015000099 3.700458469875531e-05
12.7650000149001 3.64965448668238e-05
12.7800000148001 3.599543026341789e-05
12.7950000147001 3.550114729133118e-05
12.810000014600101 3.501360360531206e-05
12.825000014500102 3.453270809553151e-05
12.840000014400102 3.40583708712658e-05
12.855000014300103 3.359050324479107e-05
12.870000014200103 3.3129017715487417e-05
12.885000014100104 3.267382795414951e-05
12.900000014000105 3.222484878750131e-05
12.915000013900105 3.178199618291224e-05
12.930000013800106 3.134518723331219e-05
12.945000013700106 3.0914340142302896e-05
12.960000013600107 3.0489374209463186e-05
12.975000013500107 3.0070209815845492e-05
12.990000013400108 2.9656768409661443e-05
13.005000013300108 2.9248972492153814e-05
13.020000013200109 2.884674560365275e-05
13.03500001310011 2.845001230981366e-05
13.05000001300011 2.8058698188034664e-05
13.06500001290011 2.7672729814051144e-05
13.080000012800111 2.7292034748705248e-05
13.095000012700112 2.6916541524888012e-05
13.110000012600112 2.654617963465201e-05
13.125000012500113 2.6180879516492178e-05
13.140000012400114 2.5820572542792887e-05
13.155000012300114 2.546519100743892e-05
13.170000012200115 2.511466811358837e-05
13.185000012100115 2.4768937961605355e-05
13.200000012000116 2.4427935537150544e-05
13.215000011900116 2.4091596699427367e-05
13.230000011800117 2.375985816958204e-05
13.245000011700117 2.3432657519255313e-05
13.260000011600118 2.3109933159284086e-05
13.275000011500119 2.2791624328550927e-05
13.290000011400119 2.247767108297958e-05
13.30500001130012 2.2168014284674607e-05
13.32000001120012 2.1862595591203338e-05
13.33500001110012 2.156135744501822e-05
13.350000011000121 2.1264243063017865e-05
13.365000010900122 2.09711964262449e-05
13.380000010800122 2.068216226971896e-05
13.395000010700123 2.039708607240302e-05
13.410000010600124 2.0115914047301366e-05
13.425000010500124 1.9838593131687525e-05
13.440000010400125 1.9565070977460454e-05
13.455000010300125 1.9295295941627345e-05
13.470000010200126 1.902921707691143e-05
13.485000010100126 1.8766784122483147e-05
13.500000010000127 1.8507947494813078e-05
13.515000009900128 1.8252658278645136e-05
13.530000009800128 1.8000868218088356e-05
13.545000009700129 1.7752529707825853e-05
13.56000000960013 1.7507595784439372e-05
13.57500000950013 1.7266020117847957e-05
13.59000000940013 1.702775700285928e-05
13.60500000930013 1.679276135083215e-05
13.620000009200131 1.656098868144873e-05
13.635000009100132 1.633239511459518e-05
13.650000009000133 1.6106937362349105e-05
13.665000008900133 1.588457272107265e-05
13.680000008800134 1.5665259063609706e-05
13.695000008700134 1.5448954831585992e-05
13.710000008600135 1.5235619027810576e-05
13.725000008500135 1.5025211208777621e-05
13.740000008400136 1.4817691477266997e-05
13.755000008300136 1.4613020475042486e-05
13.770000008200137 1.4411159375646332e-05
13.785000008100138 1.421206987728885e-05
13.800000008000138 1.4015714195831917e-05
13.815000007900139 1.382205505786506e-05
13.83000000780014 1.3631055693872996e-05
13.84500000770014 1.3442679831493396e-05
13.86000000760014 1.3256891688863719e-05
13.875000007500141 1.307365596805597e-05
13.890000007400142 1.2892937848598192e-05
13.905000007300142 1.2714702981081636e-05
13.920000007200143 1.253891748085242e-05
13.935000007100143 1.236554792178664e-05
13.950000007000144 1.2194561330147791e-05
13.965000006900144 1.2025925178525492e-05
13.980000006800145 1.1859607379854376e-05
13.995000006700145 1.1695576281512179e-05
14.010000006600146 1.1533800659495939e-05
14.025000006500147 1.1374249712675327e-05
14.040000006400147 1.1216893057122062e-05
14.055000006300148 1.106170072051447e-05
14.070000006200148 1.0908643136616162e-05
14.085000006100149 1.0757691139827876e-05
14.10000000600015 1.0608815959811559e-05
14.11500000590015 1.0461989216185684e-05
14.13000000580015 1.031718291329094e-05
14.145000005700151 1.0174369435025334e-05
14.160000005600152 1.0033521539747794e-05
14.175000005500152 9.894612355249412e-06
14.190000005400153 9.757615373791424e-06
14.205000005300153 9.622504447209018e-06
14.220000005200154 9.4892537820802e-06
14.235000005100154 9.357837934958774e-06
14.250000005000155 9.228231807670636e-06
14.265000004900156 9.100410642672572e-06
14.280000004800156 8.974350018472701e-06
14.295000004700157 8.8500258451118e-06
14.310000004600157 8.727414359704664e-06
14.325000004500158 8.606492122040759e-06
14.340000004400158 8.487236010243375e-06
14.355000004300159 8.369623216486491e-06
14.37000000420016 8.25363124276864e-06
14.38500000410016 8.13923789674299e-06
14.40000000400016 8.026421287602897e-06
14.415000003900161 7.915159822022264e-06
14.430000003800162 7.805432200149897e-06
14.445000003700162 7.697217411657216e-06
14.460000003600163 7.5904947318386135e-06
14.475000003500163 7.48524371776373e-06
14.490000003400164 7.381444204480999e-06
14.505000003300164 7.279076301271789e-06
14.520000003200165 7.178120387954456e-06
14.535000003100166 7.078557111237664e-06
14.550000003000166 6.980367381122326e-06
14.565000002900167 6.8835323673515284e-06
14.580000002800167 6.78803349590779e-06
14.595000002700168 6.693852445557057e-06
14.610000002600168 6.600971144438811e-06
14.625000002500169 6.509371766701659e-06
14.64000000240017 6.419036729183861e-06
14.65500000230017 6.329948688138133e-06
14.67000000220017 6.24209053600021e-06
14.685000002100171 6.1554453982005445e-06
14.700000002000172 6.06999663001859e-06
14.715000001900172 5.985727813479118e-06
14.730000001800173 5.902622754289992e-06
14.745000001700173 5.8206654788208685e-06
14.760000001600174 5.73984023112228e-06
14.775000001500175 5.660131469984571e-06
14.790000001400175 5.581523866036148e-06
14.805000001300176 5.504002298880546e-06
14.820000001200176 5.427551854271778e-06
14.835000001100177 5.352157821327476e-06
14.850000001000177 5.277805689779319e-06
14.865000000900178 5.204481147260258e-06
14.880000000800178 5.132170076628042e-06
14.895000000700179 5.060858553324585e-06
14.91000000060018 4.990532842770678e-06
14.92500000050018 4.921179397795599e-06
14.94000000040018 4.85278485610114e-06
14.955000000300181 4.78533603775961e-06
14.970000000200182 4.718819942745362e-06
14.985000000100182 4.653223748499396e-06


rmax=3
1e-07 1e-07
0.00507077 0.00504512
0.00994532 0.00984687
0.0185 0.0181607
0.0294604 0.0286045
0.0431956 0.0413675
0.0595994 0.056146
0.0786734 0.0727094
0.100402 0.0907872
0.124784 0.1101
0.151825 0.130359
0.181545 0.151271
0.213975 0.172541
0.24916 0.193877
0.287162 0.214986
0.32806 0.235586
0.371954 0.255397
0.418971 0.274148
0.469265 0.291575
0.523025 0.307424
0.580479 0.321442
0.641898 0.333384
0.707603 0.343007
0.777967 0.35007
0.853423 0.354331
0.93447 0.355554
1.02169 0.353506
1.11575 0.34796
1.21745 0.338701
1.32777 0.325518
1.4479 0.308207
1.57933 0.286557
1.72402 0.26034
1.88447 0.229288
2.0638 0.1931
2.26529 0.15154
2.49103 0.104712
2.74195 0.0529079
3 2.97942e-11


rmax=5
1e-07 1e-07
0.00457127 0.00455043
0.00895949 0.00887958
0.0166464 0.0163716
0.0264932 0.0258005
0.0388281 0.0373493
0.0535578 0.0507647
0.0706846 0.0658604
0.0901958 0.0824158
0.112091 0.100203
0.136377 0.118988
0.163071 0.138529
0.192202 0.158586
0.223809 0.178916
0.257945 0.199281
0.29468 0.219443
0.334096 0.239172
0.3763 0.258241
0.421417 0.276431
0.469603 0.293528
0.521041 0.309326
0.575951 0.323625
0.634591 0.336226
0.697263 0.346939
0.764318 0.355576
0.836162 0.361954
0.913263 0.365897
0.996161 0.367238
1.08549 0.365823
1.18198 0.361515
1.28651 0.354201
1.40014 0.343792
1.5241 0.330241
1.65983 0.313553
1.80884 0.293829
1.97236 0.271342
2.15078 0.246632
2.34361 0.220476
2.55085 0.19363
2.77486 0.166552
3.02198 0.139302
3.30466 0.111559
3.57672 0.0881095
3.83277 0.0686258
4.09213 0.0510446
4.34104 0.0358041
4.58637 0.0219379
4.82968 0.00891189
5 1.66592e-08


rmax=7
1e-07 1e-07
0.0042791 0.00426083
0.00838337 0.00831339
0.0155715 0.0153309
0.0247778 0.0241714
0.0363082 0.0350136
0.0500745 0.0476288
0.0660773 0.0618522
0.084303 0.0774873
0.104748 0.0943312
0.127417 0.112174
0.152323 0.130801
0.179486 0.149996
0.208939 0.169542
0.240724 0.189223
0.274898 0.208825
0.311527 0.228139
0.350699 0.246959
0.392515 0.265085
0.4371 0.282323
0.484603 0.298483
0.5352 0.313383
0.589101 0.326842
0.646547 0.338687
0.707824 0.348745
0.773257 0.356851
0.843222 0.362841
0.91815 0.366558
0.998538 0.367854
1.08496 0.366594
1.17809 0.362657
1.27873 0.355942
1.3878 0.346374
1.50642 0.333911
1.63587 0.318562
1.77747 0.300415
1.93236 0.279705
2.10099 0.25689
2.28298 0.232656
2.47804 0.207733
2.68747 0.182658
2.91529 0.157695
3.16939 0.132867
3.45595 0.10864
3.7109 0.0902443
3.96936 0.0743511
4.21571 0.0614988
4.45863 0.050748
4.70082 0.041674
4.94438 0.0339655
5.19083 0.0273874
5.44142 0.0217474
5.69725 0.0168807
5.95928 0.0126393
6.22839 0.00888326
6.50524 0.00547425
6.79012 0.0022686
7 3.94436e-11


rmax=9
1e-07 1e-07
0.00407362 0.00405706
0.00797835 0.00791495
0.0148164 0.0145985
0.0235733 0.0230241
0.0345393 0.0333668
0.04763 0.0454146
0.0628447 0.0590168
0.0801691 0.0739929
0.0995985 0.0901567
0.121135 0.107315
0.144787 0.12527
0.170572 0.143824
0.198518 0.162774
0.22866 0.181922
0.261045 0.201069
0.295732 0.22002
0.332792 0.238585
0.372314 0.256576
0.414404 0.273811
0.459187 0.290113
0.506814 0.305311
0.557461 0.319236
0.611335 0.331726
0.668676 0.34262
0.729761 0.351762
0.794908 0.358998
0.864482 0.36418
0.938898 0.367163
1.01864 0.367816
1.10425 0.366013
1.19639 0.361648
1.29582 0.35463
1.40343 0.344895
1.52028 0.332408
1.64756 0.317184
1.78652 0.299315
1.93815 0.279031
2.10285 0.256771
2.28023 0.233173
2.47005 0.208913
2.67348 0.184494
2.89415 0.160171
3.13909 0.135982
3.41497 0.112262
3.66534 0.0938007
3.90632 0.0785548
4.14925 0.0654373
4.38614 0.0545755
4.62199 0.0454176
4.85867 0.0376699
5.09775 0.031105
5.3405 0.0255458
5.58803 0.0208476
5.84139 0.0168889
6.1016 0.0135658
6.36971 0.0107884
6.6468 0.00847753
6.93405 0.00656277
7.23272 0.00498088
7.54421 0.00367385
7.87003 0.00258716
8.21183 0.00166734
8.57124 0.000858747
8.94944 9.8934e-05
9 4.55539e-17


rmax=11
1e-07 1e-07
0.00391667 0.00390135
0.00766907 0.00761048
0.01424 0.0140386
0.0226539 0.0221464
0.0331893 0.0321059
0.0457646 0.0437174
0.0603782 0.0568406
0.0770156 0.0713068
0.0956708 0.0869421
0.116344 0.103566
0.139043 0.120994
0.163781 0.139038
0.190582 0.157512
0.219476 0.176226
0.250506 0.194995
0.283721 0.213636
0.319187 0.231966
0.35698 0.24981
0.397193 0.266995
0.439937 0.283353
0.485344 0.298722
0.533567 0.312942
0.584788 0.325858
0.639218 0.337319
0.6971 0.347175
0.758711 0.355281
0.824372 0.361496
0.894444 0.36568
0.969343 0.367703
1.04955 0.367442
1.13561 0.364788
1.22818 0.359642
1.32801 0.351928
1.436 0.341592
1.55317 0.328613
1.6807 0.31302
1.81971 0.294925
1.97105 0.274587
2.13491 0.252464
2.31087 0.229181
2.49885 0.205354
2.7003 0.181421
2.91904 0.157586
3.16214 0.133869
3.43415 0.110761
3.67827 0.092937
3.92555 0.0774556
4.1611 0.0648725
4.39295 0.0543144
4.62371 0.045387
4.85534 0.0378059
5.08929 0.0313609
5.32675 0.0258857
5.56876 0.0212442
5.81631 0.0173221
6.07037 0.0140218
6.33192 0.0112588
6.60198 0.00895924
6.88167 0.0070584
7.17218 0.00549916
7.47485 0.0042311
7.79117 0.00320961
8.12286 0.00239527
8.47187 0.0017532
8.8405 0.00125251
9.23142 0.000865694
9.64779 0.000567862
10.0934 0.000335679
10.5725 0.000145539
11 2.45648e-11


rmax=13
1e-07 1e-07
0.00379062 0.00377628
0.00742076 0.0073659
0.0137772 0.0135887
0.0219159 0.0214408
0.0321058 0.0310914
0.0442676 0.0423507
0.0583992 0.0550864
0.0744856 0.0691391
0.0925204 0.0843444
0.112502 0.100532
0.134437 0.117526
0.158337 0.135151
0.184222 0.153227
0.21212 0.171577
0.242068 0.190024
0.274111 0.208392
0.308308 0.22651
0.344727 0.244209
0.383451 0.261324
0.424581 0.277695
0.468234 0.293164
0.514548 0.307582
0.563686 0.320798
0.615837 0.332668
0.671217 0.34305
0.730077 0.351804
0.792701 0.358793
0.859415 0.363885
0.930587 0.366951
1.00664 0.367871
1.08807 0.366534
1.17543 0.362839
1.26938 0.356703
1.3707 0.348061
1.4803 0.336871
1.59921 0.323131
1.72854 0.30689
1.86934 0.2883
2.0222 0.267667
2.18706 0.245489
2.36352 0.22238
2.55183 0.198887
2.75395 0.17536
2.97429 0.151938
3.22024 0.128634
3.47511 0.107584
3.71301 0.0906121
3.95375 0.0758433
4.18435 0.0637364
4.4118 0.0535296
4.63843 0.044867
4.86603 0.0374873
5.09595 0.0311947
5.32931 0.0258333
5.56709 0.021275
5.81024 0.0174116
6.05966 0.0141505
6.31629 0.0114112
6.5811 0.00912341
6.85515 0.00722531
7.13955 0.00566225
7.43558 0.00438592
7.74464 0.00335358
8.06834 0.00252748
8.4085 0.00187431
8.76726 0.00136483
9.14712 0.000973476
9.55106 0.000678004
9.98264 0.000459213
10.4462 0.000300633
10.9471 0.000188207
11.4919 0.000109902
12.0892 5.51342e-05
12.7497 1.36445e-05
13 -1.30056e-12


rmax=15
1e-07 1e-07
0.00368588 0.00367232
0.00721445 0.00716259
0.0133928 0.0132146
0.0213028 0.0208538
0.0312058 0.0302471
0.0430243 0.0412124
0.0567557 0.0536242
0.0723849 0.0673305
0.0899048 0.0821747
0.109313 0.097994
0.130615 0.114622
0.15382 0.13189
0.178947 0.149627
0.20602 0.167663
0.235074 0.185829
0.266149 0.203956
0.299298 0.221881
0.334584 0.23944
0.372084 0.256476
0.411887 0.272834
0.454102 0.288363
0.498855 0.302917
0.546292 0.316354
0.596586 0.328533
0.649935 0.339318
0.706565 0.348574
0.766736 0.356169
0.830744 0.361976
0.898922 0.365869
0.971655 0.367729
1.04938 0.367445
1.1326 0.364918
1.2219 0.360057
1.31797 0.352792
1.42161 0.34307
1.53376 0.330867
1.65546 0.3162
1.78776 0.299155
1.93151 0.279932
2.08705 0.258903
2.25409 0.23661
2.43235 0.213634
2.62263 0.190433
2.8276 0.167265
3.05253 0.1442
3.30457 0.121327
3.54848 0.102084
3.77999 0.0862704
4.01381 0.0725074
4.23965 0.0611046
4.4632 0.0514404
4.68642 0.0432071
4.91092 0.0361724
5.13791 0.0301591
5.36844 0.0250244
5.60343 0.0206498
5.84377 0.0169347
6.09033 0.0137925
6.34402 0.0111479
6.60577 0.00893458
6.87659 0.00709427
7.15758 0.0055753
7.44995 0.00433191
7.75507 0.00332355
8.07447 0.00251429
8.40992 0.00187243
8.76349 0.00137004
9.13757 0.000982704
9.53501 0.000689124
9.95921 0.000470919
10.4143 0.000312351
10.9054 0.00020009
11.4389 0.000122999
12.0228 7.19064e-05
12.6674 3.939e-05
13.3867 1.95169e-05
14.1992 7.48838e-06
15 7.96356e-09
