-5 0.00673795 0 0.00673795
-3.88889 0.0204681 0.0137301 0.0204681
-2.77778 0.0621765 0.0554386 0.0621765
-1.66667 0.188876 0.182138 0.188876
-0.555556 0.573753 0.567015 0.573753
0.555556 1.74291 1.73617 1.74291
1.66667 5.29449 5.28775 5.29449
2.77778 16.0832 16.0765 16.0832
3.88889 48.8566 48.8498 48.8566
5 148.413 148.406 148.413


-5 0.00673795 0 0.0123571 0.00673795 0 22.6188 0.00673795 
-4.89899 0.00798614 0.000743641 0.0123571 2.08388 0.109081 18.5085 0.00705773 
-4.79798 0.00923433 0.00161336 0.0123571 3.74584 0.407006 14.3983 0.00793456 
-4.69697 0.0104825 0.00260916 0.0123571 4.99262 0.851837 10.288 0.00924465 
-4.59596 0.0117307 0.00373104 0.0123571 5.82422 1.40164 6.17775 0.0108642 
-4.49495 0.0129789 0.00497901 0.0123571 6.24065 2.01447 2.06749 0.0126694 
-4.39394 0.0142271 0.00635305 0.0123571 6.2419 2.64839 -2.04277 0.0145366 
-4.29293 0.0154753 0.00785317 0.0123571 5.82797 3.26148 -6.15304 0.0163418 
-4.19192 0.0167235 0.00947937 0.0123571 4.99886 3.81178 -10.2633 0.0179614 
-4.09091 0.0179717 0.0112317 0.0123571 3.75457 4.25737 -14.3736 0.0192715 
-3.9899 0.0192199 0.01311 0.0123571 2.09511 4.5563 -18.4838 0.0201483 
-3.88889 0.0204681 0.0151145 0.0375376 0.0204681 4.66665 -22.5941 0.0204681 
-3.78788 0.0242598 0.0173734 0.0375376 -2.05394 4.56045 -18.4792 0.0214395 
-3.68687 0.0280514 0.0200154 0.0375376 -3.71271 4.2657 -14.3644 0.0241031 
-3.58586 0.0318431 0.0230404 0.0375376 -4.95584 3.8244 -10.2496 0.0280828 
-3.48485 0.0356348 0.0264484 0.0375376 -5.78333 3.27852 -6.13472 0.0330025 
-3.38384 0.0394265 0.0302393 0.0375376 -6.19518 2.67004 -2.01988 0.0384864 
-3.28283 0.0432181 0.0344133 0.0375376 -6.19139 2.04096 2.09496 0.0441582 
-3.18182 0.0470098 0.0389703 0.0375376 -5.77196 1.43325 6.2098 0.0496421 
-3.08081 0.0508015 0.0439102 0.0375376 -4.93688 0.888903 10.3246 0.0545618 
-2.9798 0.0545932 0.0492332 0.0375376 -3.68617 0.449896 14.4395 0.0585415 
-2.87879 0.0583848 0.0549392 0.0375376 -2.01982 0.158216 18.5543 0.0612051 
-2.77778 0.0621765 0.0610281 0.114029 0.0621765 0.055847 22.6692 0.0621765 
-2.67677 0.0736946 0.0678903 0.114029 2.14487 0.170801 18.5682 0.0651274 
-2.57576 0.0852127 0.0759159 0.114029 3.81333 0.475207 14.4673 0.0732187 
-2.47475 0.0967308 0.085105 0.114029 5.06756 0.927224 10.3664 0.0853079 
-2.37374 0.108249 0.0954575 0.114029 5.90755 1.48501 6.26543 0.100253 
-2.27273 0.119767 0.106973 0.114029 6.3333 2.10672 2.1645 0.116911 
-2.17172 0.131285 0.119653 0.114029 6.34482 2.75052 -1.93644 0.134141 
-2.07071 0.142803 0.133496 0.114029 5.9421 3.37455 -6.03737 0.150799 
-1.9697 0.154321 0.148502 0.114029 5.12515 3.93699 -10.1383 0.165744 
-1.86869 0.165839 0.164672 0.114029 3.89396 4.39599 -14.2392 0.177833 
-1.76768 0.177358 0.182005 0.114029 2.24854 4.7097 -18.3402 0.185925 
-1.66667 0.188876 0.200502 0.34639 0.188876 4.83629 -22.4411 0.188876 
-1.56566 0.223864 0.221347 0.34639 -1.86865 4.74793 -18.2979 0.19784 
-1.46465 0.258853 0.245727 0.34639 -3.50767 4.47288 -14.1547 0.222419 
-1.36364 0.293842 0.273641 0.34639 -4.72819 4.0534 -10.0116 0.259143 
-1.26263 0.328831 0.305089 0.34639 -5.53021 3.53178 -5.86838 0.304541 
-1.16162 0.36382 0.340071 0.34639 -5.91373 2.95028 -1.7252 0.355145 
-1.06061 0.398809 0.378588 0.34639 -5.87874 2.35118 2.41798 0.407484 
-0.959596 0.433798 0.420639 0.34639 -5.42524 1.77675 6.56116 0.458088 
-0.858586 0.468787 0.466224 0.34639 -4.55325 1.26926 10.7043 0.503486 
-0.757576 0.503776 0.515343 0.34639 -3.26275 0.87099 14.8475 0.54021 
-0.656566 0.538765 0.567997 0.34639 -1.55375 0.62421 18.9907 0.564789 
-0.555556 0.573753 0.624184 1.05224 0.573753 0.571192 23.1339 0.573753 
-0.454545 0.68004 0.687507 1.05224 2.70774 0.740338 19.119 0.600984 
-0.353535 0.786327 0.761566 1.05224 4.43618 1.10456 15.1042 0.675648 
-0.252525 0.892614 0.846361 1.05224 5.75909 1.62288 11.0893 0.787206 
-0.151515 0.998901 0.941892 1.05224 6.67646 2.25435 7.07451 0.925115 
-0.0505051 1.10519 1.04816 1.05224 7.18828 2.95801 3.05966 1.07884 
0.0505051 1.21147 1.16516 1.05224 7.29457 3.69288 -0.955182 1.23783 
0.151515 1.31776 1.2929 1.05224 6.99532 4.418 -4.97003 1.39155 
0.252525 1.42405 1.43138 1.05224 6.29053 5.09242 -8.98487 1.52946 
0.353535 1.53034 1.58059 1.05224 5.18019 5.67516 -12.9997 1.64101 
0.454545 1.63662 1.74054 1.05224 3.66432 6.12527 -17.0146 1.71568 
0.555556 1.74291 1.91122 3.19642 1.74291 6.40177 -21.0294 1.74291 
0.656566 2.06578 2.10358 3.19642 -0.158813 6.47803 -16.6247 1.82563 
0.757576 2.38865 2.32855 3.19642 -1.61562 6.38467 -12.22 2.05244 
0.858586 2.71152 2.58613 3.19642 -2.6275 6.16663 -7.81531 2.39132 
0.959596 3.03439 2.87633 3.19642 -3.19447 5.86884 -3.41062 2.81025 
1.06061 3.35726 3.19914 3.19642 -3.31652 5.53626 0.994075 3.27721 
1.16162 3.68014 3.55457 3.19642 -2.99365 5.21382 5.39877 3.76019 
1.26263 4.00301 3.9426 3.19642 -2.22586 4.94646 9.80347 4.22715 
1.36364 4.32588 4.36325 3.19642 -1.01315 4.77913 14.2082 4.64608 
1.46465 4.64875 4.81652 3.19642 0.64448 4.75677 18.6129 4.98496 
1.56566 4.97162 5.30239 3.19642 2.74703 4.92431 23.0176 5.21177 
1.66667 5.29449 5.82089 9.70988 5.29449 5.3267 27.4222 5.29449 
1.76768 6.27529 6.40522 9.70988 7.90177 5.99592 24.2018 5.54577 
1.86869 7.25608 7.08862 9.70988 10.1837 6.91207 20.9814 6.23476 
1.9697 8.23688 7.87109 9.70988 12.1404 8.04229 17.761 7.26419 
2.07071 9.21767 8.75264 9.70988 13.7718 9.35373 14.5405 8.53679 
2.17172 10.1985 9.73325 9.70988 15.0779 10.8135 11.3201 9.9553 
2.27273 11.1793 10.8129 9.70988 16.0587 12.3888 8.09966 11.4224 
2.37374 12.1601 11.9917 9.70988 16.7142 14.0468 4.87923 12.8409 
2.47475 13.1409 13.2695 9.70988 17.0444 15.7545 1.6588 14.1135 
2.57576 14.1216 14.6464 9.70988 17.0493 17.4791 -1.56163 15.143 
2.67677 15.1024 16.1224 9.70988 16.7289 19.1878 -4.78206 15.832 
2.77778 16.0832 17.6974 9.70988 16.0832 20.8477 -8.00249 16.0832 
2.87879 19.0626 19.4724 29.496 15.6192 22.4431 -1.18459 16.8466 
2.9798 22.042 21.5484 29.496 15.8439 24.0263 5.63332 18.9395 
3.08081 25.0214 23.9254 29.496 16.7573 25.6671 12.4512 22.0667 
3.18182 28.0008 26.6033 29.496 18.3593 27.4348 19.2691 25.9325 
3.28283 30.9802 29.5821 29.496 20.65 29.3992 26.087 30.2415 
3.38384 33.9596 32.8619 29.496 23.6294 31.6297 32.905 34.6983 
3.48485 36.939 36.4426 29.496 27.2975 34.196 39.7229 39.0073 
3.58586 39.9184 40.3243 29.496 31.6543 37.1676 46.5408 42.8732 
3.68687 42.8978 44.507 29.496 36.6997 40.614 53.3587 46.0003 
3.78788 45.8772 48.9905 29.496 42.4338 44.6048 60.1766 48.0933 
3.88889 48.8566 53.7751 89.6009 48.8566 49.2097 66.9945 48.8566 
3.9899 57.9072 59.1672 89.6009 55.8313 54.4934 71.1048 49.8424 
4.09091 66.9578 65.4735 89.6009 63.2212 60.5027 75.215 52.7346 
4.19192 76.0084 72.694 89.6009 71.0262 67.2794 79.3253 57.4354 
4.29293 85.059 80.8287 89.6009 79.2465 74.8654 83.4355 63.8469 
4.39394 94.1096 89.8776 89.6009 87.8819 83.3027 87.5458 71.8714 
4.49495 103.16 99.8408 89.6009 96.9325 92.6333 91.6561 81.4111 
4.59596 112.211 110.718 89.6009 106.398 102.899 95.7663 92.3681 
4.69697 121.261 122.51 89.6009 116.279 114.142 99.8766 104.645 
4.79798 130.312 135.215 89.6009 126.575 126.404 103.987 118.143 
4.89899 139.363 148.835 89.6009 137.287 139.727 108.097 132.765 
5 148.413 163.369 89.6009 148.413 154.152 112.207 148.413 
