0 1 0 -0
0.330694 0.945817 0.324699 -0.324699
0.661388 0.789141 0.614213 -0.614213
0.992082 0.546948 0.837166 -0.837166
1.32278 0.245485 0.9694 -0.9694
1.65347 -0.0825793 0.996584 -0.996584
1.98416 -0.401695 0.915773 -0.915773
2.31486 -0.677282 0.735724 -0.735724
2.64555 -0.879474 0.475947 -0.475947
2.97625 -0.986361 0.164595 -0.164595
3.30694 -0.986361 -0.164595 0.164595
3.63763 -0.879474 -0.475947 0.475947
3.96833 -0.677282 -0.735724 0.735724
4.29902 -0.401695 -0.915773 0.915773
4.62972 -0.0825793 -0.996584 0.996584
4.96041 0.245485 -0.9694 0.9694
5.2911 0.546948 -0.837166 0.837166
5.6218 0.789141 -0.614213 0.614213
5.95249 0.945817 -0.324699 0.324699
6.28319 1 -2.44929e-16 2.44929e-16


0 1 0 -0.163846 1 0 -0.163846 1 
0.0125916 0.997937 0.0125786 -0.163846 0.997937 0.0125786 -0.163846 0.99977 
0.0251831 0.995874 0.0251312 -0.163846 0.995874 0.0251312 -0.163846 0.999105 
0.0377747 0.993811 0.0376578 -0.163846 0.993811 0.0376578 -0.163846 0.998041 
0.0503662 0.991748 0.0501584 -0.163846 0.991748 0.0501584 -0.163846 0.996612 
0.0629578 0.989685 0.0626331 -0.163846 0.989685 0.0626331 -0.163846 0.994856 
0.0755493 0.987622 0.0750817 -0.163846 0.987622 0.0750817 -0.163846 0.992808 
0.0881409 0.985559 0.0875044 -0.163846 0.985559 0.0875044 -0.163846 0.990504 
0.100732 0.983495 0.0999012 -0.163846 0.983495 0.0999012 -0.163846 0.98798 
0.113324 0.981432 0.112272 -0.163846 0.981432 0.112272 -0.163846 0.985272 
0.125916 0.979369 0.124617 -0.163846 0.979369 0.124617 -0.163846 0.982416 
0.138507 0.977306 0.136935 -0.163846 0.977306 0.136935 -0.163846 0.979447 
0.151099 0.975243 0.149228 -0.163846 0.975243 0.149228 -0.163846 0.976402 
0.16369 0.97318 0.161495 -0.163846 0.97318 0.161495 -0.163846 0.973316 
0.176282 0.971117 0.173736 -0.163846 0.971117 0.173736 -0.163846 0.970225 
0.188873 0.969054 0.185951 -0.163846 0.969054 0.185951 -0.163846 0.967166 
0.201465 0.966991 0.19814 -0.163846 0.966991 0.19814 -0.163846 0.964173 
0.214056 0.964928 0.210303 -0.163846 0.964928 0.210303 -0.163846 0.961284 
0.226648 0.962865 0.22244 -0.163846 0.962865 0.22244 -0.163846 0.958533 
0.23924 0.960802 0.234551 -0.163846 0.960802 0.234551 -0.163846 0.955957 
0.251831 0.958739 0.246636 -0.163846 0.958739 0.246636 -0.163846 0.953592 
0.264423 0.956676 0.258695 -0.163846 0.956676 0.258695 -0.163846 0.951473 
0.277014 0.954612 0.270728 -0.163846 0.954612 0.270728 -0.163846 0.949637 
0.289606 0.952549 0.282735 -0.163846 0.952549 0.282735 -0.163846 0.948119 
0.302197 0.950486 0.294716 -0.163846 0.950486 0.294716 -0.163846 0.946955 
0.314789 0.948423 0.306671 -0.163846 0.948423 0.306671 -0.163846 0.946181 
0.32738 0.94636 0.3186 -0.163846 0.94636 0.3186 -0.163846 0.945833 
0.339972 0.941422 0.33049 -0.473782 0.944216 0.330503 -0.181237 0.945454 
0.352564 0.935456 0.342306 -0.473782 0.941786 0.342377 -0.204839 0.943852 
0.365155 0.92949 0.354048 -0.473782 0.939058 0.354219 -0.228442 0.941068 
0.377747 0.923525 0.365714 -0.473782 0.936033 0.366024 -0.252044 0.937204 
0.390338 0.917559 0.377305 -0.473782 0.932711 0.37779 -0.275646 0.932366 
0.40293 0.911593 0.388821 -0.473782 0.929091 0.389512 -0.299249 0.926656 
0.415521 0.905628 0.400262 -0.473782 0.925175 0.401186 -0.322851 0.920179 
0.428113 0.899662 0.411627 -0.473782 0.920961 0.412809 -0.346453 0.913038 
0.440704 0.893696 0.422918 -0.473782 0.91645 0.424377 -0.370056 0.905337 
0.453296 0.887731 0.434133 -0.473782 0.911642 0.435887 -0.393658 0.89718 
0.465887 0.881765 0.445274 -0.473782 0.906536 0.447334 -0.41726 0.888671 
0.478479 0.875799 0.456339 -0.473782 0.901134 0.458715 -0.440863 0.879913 
0.491071 0.869834 0.467329 -0.473782 0.895434 0.470026 -0.464465 0.87101 
0.503662 0.863868 0.478244 -0.473782 0.889437 0.481264 -0.488067 0.862067 
0.516254 0.857902 0.489084 -0.473782 0.883143 0.492424 -0.51167 0.853186 
0.528845 0.851937 0.499849 -0.473782 0.876552 0.503503 -0.535272 0.844472 
0.541437 0.845971 0.510538 -0.473782 0.869663 0.514497 -0.558874 0.836028 
0.554028 0.840006 0.521153 -0.473782 0.862478 0.525402 -0.582477 0.827958 
0.56662 0.83404 0.531692 -0.473782 0.854995 0.536215 -0.606079 0.820367 
0.579211 0.828074 0.542157 -0.473782 0.847215 0.546932 -0.629681 0.813357 
0.591803 0.822109 0.552546 -0.473782 0.839137 0.55755 -0.653284 0.807033 
0.604395 0.816143 0.56286 -0.473782 0.830763 0.568063 -0.676886 0.801498 
0.616986 0.810177 0.573099 -0.473782 0.822091 0.57847 -0.700488 0.796856 
0.629578 0.804212 0.583263 -0.473782 0.813122 0.588765 -0.724091 0.793211 
0.642169 0.798246 0.593351 -0.473782 0.803856 0.598945 -0.747693 0.790667 
0.654761 0.79228 0.603365 -0.473782 0.794293 0.609007 -0.771295 0.789327 
0.667352 0.784772 0.613299 -0.732376 0.784472 0.618947 -0.781866 0.788907 
0.679944 0.775551 0.623122 -0.732376 0.774651 0.628763 -0.777956 0.786938 
0.692535 0.766329 0.63283 -0.732376 0.76488 0.638455 -0.774046 0.783099 
0.705127 0.757107 0.642421 -0.732376 0.755158 0.648025 -0.770136 0.777551 
0.717719 0.747885 0.651896 -0.732376 0.745486 0.657473 -0.766227 0.770452 
0.73031 0.738664 0.661255 -0.732376 0.735862 0.666799 -0.762317 0.761965 
0.742902 0.729442 0.670498 -0.732376 0.726288 0.676004 -0.758407 0.752249 
0.755493 0.72022 0.679624 -0.732376 0.716763 0.685089 -0.754497 0.741465 
0.768085 0.710998 0.688635 -0.732376 0.707288 0.694055 -0.750587 0.729773 
0.780676 0.701777 0.69753 -0.732376 0.697861 0.702901 -0.746678 0.717334 
0.793268 0.692555 0.706308 -0.732376 0.688484 0.711629 -0.742768 0.704308 
0.805859 0.683333 0.71497 -0.732376 0.679156 0.72024 -0.738858 0.690856 
0.818451 0.674111 0.723516 -0.732376 0.669877 0.728733 -0.734948 0.677137 
0.831043 0.66489 0.731946 -0.732376 0.660648 0.737109 -0.731039 0.663313 
0.843634 0.655668 0.74026 -0.732376 0.651468 0.74537 -0.727129 0.649544 
0.856226 0.646446 0.748458 -0.732376 0.642336 0.753516 -0.723219 0.63599 
0.868817 0.637224 0.75654 -0.732376 0.633255 0.761546 -0.719309 0.622812 
0.881409 0.628003 0.764506 -0.732376 0.624222 0.769463 -0.715399 0.610171 
0.894 0.618781 0.772355 -0.732376 0.615239 0.777266 -0.71149 0.598225 
0.906592 0.609559 0.780088 -0.732376 0.606304 0.784957 -0.70758 0.587137 
0.919183 0.600337 0.787706 -0.732376 0.59742 0.792535 -0.70367 0.577067 
0.931775 0.591116 0.795207 -0.732376 0.588584 0.800002 -0.69976 0.568174 
0.944367 0.581894 0.802592 -0.732376 0.579797 0.807358 -0.695851 0.56062 
0.956958 0.572672 0.809861 -0.732376 0.57106 0.814603 -0.691941 0.554564 
0.96955 0.56345 0.817013 -0.732376 0.562372 0.821739 -0.688031 0.550168 
0.982141 0.554228 0.82405 -0.732376 0.553733 0.828766 -0.684121 0.547592 
0.994733 0.544532 0.83097 -0.911606 0.545138 0.835684 -0.684731 0.54689 
1.00732 0.533053 0.837754 -0.911606 0.536406 0.842493 -0.70229 0.545086 
1.01992 0.521575 0.844394 -0.911606 0.527452 0.849191 -0.719848 0.540901 
1.03251 0.510096 0.850889 -0.911606 0.518278 0.855775 -0.737407 0.534535 
1.0451 0.498617 0.85724 -0.911606 0.508882 0.862242 -0.754965 0.526187 
1.05769 0.487139 0.863446 -0.911606 0.499265 0.86859 -0.772524 0.516059 
1.07028 0.47566 0.869507 -0.911606 0.489427 0.874814 -0.790082 0.504348 
1.08287 0.464182 0.875424 -0.911606 0.479368 0.880914 -0.807641 0.491255 
1.09547 0.452703 0.881197 -0.911606 0.469088 0.886886 -0.8252 0.47698 
1.10806 0.441225 0.886825 -0.911606 0.458587 0.892726 -0.842758 0.461722 
1.12065 0.429746 0.892308 -0.911606 0.447865 0.898433 -0.860317 0.445681 
1.13324 0.418268 0.897647 -0.911606 0.436922 0.904004 -0.877875 0.429057 
1.14583 0.406789 0.902842 -0.911606 0.425758 0.909435 -0.895434 0.412049 
1.15842 0.395311 0.907891 -0.911606 0.414372 0.914725 -0.912992 0.394858 
1.17101 0.383832 0.912797 -0.911606 0.402766 0.91987 -0.930551 0.377682 
1.18361 0.372354 0.917558 -0.911606 0.390938 0.924867 -0.94811 0.360721 
1.1962 0.360875 0.922174 -0.911606 0.378889 0.929714 -0.965668 0.344176 
1.20879 0.349396 0.926645 -0.911606 0.366619 0.934408 -0.983227 0.328245 
1.22138 0.337918 0.930973 -0.911606 0.354129 0.938945 -1.00079 0.313129 
1.23397 0.326439 0.935155 -0.911606 0.341417 0.943325 -1.01834 0.299027 
1.24656 0.314961 0.939193 -0.911606 0.328483 0.947542 -1.0359 0.28614 
1.25916 0.303482 0.943087 -0.911606 0.315329 0.951596 -1.05346 0.274665 
1.27175 0.292004 0.946836 -0.911606 0.301954 0.955482 -1.07102 0.264805 
1.28434 0.280525 0.950441 -0.911606 0.288358 0.959199 -1.08858 0.256757 
1.29693 0.269047 0.953901 -0.911606 0.27454 0.962743 -1.10614 0.250722 
1.30952 0.257568 0.957216 -0.911606 0.260502 0.966112 -1.1237 0.246899 
1.32211 0.24609 0.960387 -0.911606 0.246242 0.969303 -1.14125 0.245489 
1.3347 0.233651 0.963408 -0.99205 0.231925 0.972313 -1.13135 0.244236 
1.3473 0.22116 0.966271 -0.99205 0.217752 0.975144 -1.11991 0.240342 
1.35989 0.208669 0.968977 -0.99205 0.203722 0.977797 -1.10848 0.234018 
1.37248 0.196177 0.971526 -0.99205 0.189837 0.980275 -1.09705 0.22548 
1.38507 0.183686 0.973917 -0.99205 0.176095 0.982578 -1.08562 0.214947 
1.39766 0.171194 0.976152 -0.99205 0.162498 0.98471 -1.07418 0.202635 
1.41025 0.158703 0.978229 -0.99205 0.149044 0.986671 -1.06275 0.188761 
1.42285 0.146211 0.980148 -0.99205 0.135734 0.988464 -1.05132 0.173544 
1.43544 0.13372 0.981911 -0.99205 0.122568 0.99009 -1.03989 0.1572 
1.44803 0.121228 0.983516 -0.99205 0.109547 0.991551 -1.02845 0.139947 
1.46062 0.108737 0.984964 -0.99205 0.0966688 0.992849 -1.01702 0.122002 
1.47321 0.0962456 0.986254 -0.99205 0.0839349 0.993986 -1.00559 0.103582 
1.4858 0.0837541 0.987387 -0.99205 0.0713449 0.994964 -0.994156 0.0849044 
1.49839 0.0712627 0.988363 -0.99205 0.058899 0.995784 -0.982723 0.0661871 
1.51099 0.0587712 0.989182 -0.99205 0.0465969 0.996448 -0.97129 0.0476472 
1.52358 0.0462798 0.989843 -0.99205 0.0344388 0.996958 -0.959858 0.0295018 
1.53617 0.0337883 0.990347 -0.99205 0.0224247 0.997315 -0.948425 0.0119683 
1.54876 0.0212969 0.990694 -0.99205 0.0105545 0.997523 -0.936993 -0.00473589 
1.56135 0.00880545 0.990884 -0.99205 -0.00117167 0.997582 -0.92556 -0.0203935 
1.57394 -0.003686 0.990916 -0.99205 -0.0127539 0.997494 -0.914127 -0.0347873 
1.58654 -0.0161774 0.990791 -0.99205 -0.0241922 0.997261 -0.902695 -0.0476998 
1.59913 -0.0286689 0.990509 -0.99205 -0.0354866 0.996885 -0.891262 -0.0589138 
1.61172 -0.0411603 0.990069 -0.99205 -0.046637 0.996368 -0.87983 -0.068212 
1.62431 -0.0536518 0.989472 -0.99205 -0.0576434 0.995712 -0.868397 -0.075377 
1.6369 -0.0661432 0.988718 -0.99205 -0.0685059 0.994917 -0.856964 -0.0801915 
1.64949 -0.0786347 0.987806 -0.99205 -0.0792245 0.993987 -0.845532 -0.0824382 
1.66209 -0.090893 0.986739 -0.964989 -0.0898604 0.992922 -0.848334 -0.0832178 
1.67468 -0.103044 0.985518 -0.964989 -0.100601 0.991724 -0.857706 -0.0863481 
1.68727 -0.115194 0.984144 -0.964989 -0.11146 0.990389 -0.867078 -0.0918982 
1.69986 -0.127345 0.982617 -0.964989 -0.122437 0.988916 -0.876449 -0.0996568 
1.71245 -0.139496 0.980937 -0.964989 -0.133532 0.987305 -0.885821 -0.109413 
1.72504 -0.151647 0.979104 -0.964989 -0.144745 0.985553 -0.895193 -0.120954 
1.73763 -0.163797 0.977118 -0.964989 -0.156076 0.983659 -0.904565 -0.13407 
1.75023 -0.175948 0.974979 -0.964989 -0.167524 0.981622 -0.913937 -0.148548 
1.76282 -0.188099 0.972687 -0.964989 -0.179091 0.97944 -0.923309 -0.164179 
1.77541 -0.200249 0.970242 -0.964989 -0.190776 0.977111 -0.932681 -0.180749 
1.788 -0.2124 0.967644 -0.964989 -0.202579 0.974635 -0.942053 -0.198048 
1.80059 -0.224551 0.964893 -0.964989 -0.2145 0.972009 -0.951425 -0.215864 
1.81318 -0.236702 0.961989 -0.964989 -0.226539 0.969233 -0.960796 -0.233987 
1.82578 -0.248852 0.958932 -0.964989 -0.238696 0.966304 -0.970168 -0.252204 
1.83837 -0.261003 0.955722 -0.964989 -0.250971 0.963221 -0.97954 -0.270304 
1.85096 -0.273154 0.952359 -0.964989 -0.263364 0.959983 -0.988912 -0.288076 
1.86355 -0.285304 0.948843 -0.964989 -0.275875 0.956588 -0.998284 -0.305308 
1.87614 -0.297455 0.945174 -0.964989 -0.288504 0.953035 -1.00766 -0.321789 
1.88873 -0.309606 0.941352 -0.964989 -0.301251 0.949322 -1.01703 -0.337308 
1.90132 -0.321757 0.937378 -0.964989 -0.314116 0.945448 -1.0264 -0.351654 
1.91392 -0.333907 0.93325 -0.964989 -0.327098 0.941411 -1.03577 -0.364614 
1.92651 -0.346058 0.928969 -0.964989 -0.340199 0.93721 -1.04514 -0.375977 
1.9391 -0.358209 0.924535 -0.964989 -0.353418 0.932844 -1.05452 -0.385532 
1.95169 -0.370359 0.919948 -0.964989 -0.366755 0.92831 -1.06389 -0.393068 
1.96428 -0.38251 0.915208 -0.964989 -0.38021 0.923607 -1.07326 -0.398374 
1.97687 -0.394661 0.910315 -0.964989 -0.393783 0.918734 -1.08263 -0.401237 
1.98947 -0.406114 0.905271 -0.833357 -0.407442 0.91369 -1.07989 -0.401906 
2.00206 -0.416607 0.900091 -0.833357 -0.420918 0.908475 -1.06049 -0.404029 
2.01465 -0.4271 0.89478 -0.833357 -0.434149 0.903091 -1.0411 -0.408289 
2.02724 -0.437593 0.889336 -0.833357 -0.447136 0.897542 -1.0217 -0.414505 
2.03983 -0.448087 0.88376 -0.833357 -0.459879 0.891832 -1.00231 -0.422494 
2.05242 -0.45858 0.878051 -0.833357 -0.472377 0.885962 -0.98291 -0.432073 
2.06501 -0.469073 0.872211 -0.833357 -0.484631 0.879937 -0.963514 -0.44306 
2.07761 -0.479566 0.866239 -0.833357 -0.496641 0.873759 -0.944118 -0.455271 
2.0902 -0.49006 0.860134 -0.833357 -0.508407 0.867431 -0.924722 -0.468526 
2.10279 -0.500553 0.853898 -0.833357 -0.519929 0.860957 -0.905326 -0.48264 
2.11538 -0.511046 0.847529 -0.833357 -0.531206 0.854339 -0.88593 -0.497431 
2.12797 -0.52154 0.841028 -0.833357 -0.542239 0.84758 -0.866534 -0.512717 
2.14056 -0.532033 0.834395 -0.833357 -0.553028 0.840684 -0.847138 -0.528316 
2.15316 -0.542526 0.82763 -0.833357 -0.563573 0.833654 -0.827742 -0.544044 
2.16575 -0.553019 0.820732 -0.833357 -0.573873 0.826493 -0.808346 -0.559719 
2.17834 -0.563513 0.813703 -0.833357 -0.583929 0.819203 -0.78895 -0.575159 
2.19093 -0.574006 0.806541 -0.833357 -0.593741 0.811789 -0.769554 -0.590181 
2.20352 -0.584499 0.799248 -0.833357 -0.603309 0.804252 -0.750159 -0.604603 
2.21611 -0.594992 0.791822 -0.833357 -0.612633 0.796597 -0.730763 -0.618241 
2.22871 -0.605486 0.784264 -0.833357 -0.621712 0.788825 -0.711367 -0.630914 
2.2413 -0.615979 0.776574 -0.833357 -0.630547 0.780941 -0.691971 -0.642439 
2.25389 -0.626472 0.768752 -0.833357 -0.639138 0.772947 -0.672575 -0.652633 
2.26648 -0.636965 0.760797 -0.833357 -0.647485 0.764846 -0.653179 -0.661313 
2.27907 -0.647459 0.752711 -0.833357 -0.655587 0.756642 -0.633783 -0.668298 
2.29166 -0.657952 0.744492 -0.833357 -0.663445 0.748338 -0.614387 -0.673404 
2.30425 -0.668445 0.736142 -0.833357 -0.671059 0.739936 -0.594991 -0.67645 
2.31685 -0.678497 0.727659 -0.611418 -0.678432 0.731439 -0.579051 -0.677303 
2.32944 -0.686196 0.719067 -0.611418 -0.685739 0.722851 -0.581546 -0.678426 
2.34203 -0.693895 0.710379 -0.611418 -0.693078 0.71417 -0.584041 -0.681152 
2.35462 -0.701593 0.701593 -0.611418 -0.700447 0.705397 -0.586536 -0.685348 
2.36721 -0.709292 0.69271 -0.611418 -0.707848 0.696531 -0.58903 -0.69088 
2.3798 -0.716991 0.683731 -0.611418 -0.715281 0.687571 -0.591525 -0.697614 
2.3924 -0.724689 0.674654 -0.611418 -0.722745 0.678518 -0.59402 -0.705416 
2.40499 -0.732388 0.665481 -0.611418 -0.73024 0.66937 -0.596515 -0.714152 
2.41758 -0.740087 0.65621 -0.611418 -0.737767 0.660128 -0.599009 -0.723688 
2.43017 -0.747785 0.646843 -0.611418 -0.745325 0.650791 -0.601504 -0.73389 
2.44276 -0.755484 0.637379 -0.611418 -0.752915 0.641358 -0.603999 -0.744624 
2.45535 -0.763183 0.627818 -0.611418 -0.760536 0.63183 -0.606494 -0.755757 
2.46794 -0.770882 0.61816 -0.611418 -0.768188 0.622205 -0.608989 -0.767154 
2.48054 -0.77858 0.608404 -0.611418 -0.775872 0.612484 -0.611483 -0.778682 
2.49313 -0.786279 0.598552 -0.611418 -0.783587 0.602666 -0.613978 -0.790205 
2.50572 -0.793978 0.588604 -0.611418 -0.791334 0.592751 -0.616473 -0.801592 
2.51831 -0.801676 0.578558 -0.611418 -0.799112 0.582738 -0.618968 -0.812707 
2.5309 -0.809375 0.568415 -0.611418 -0.806921 0.572627 -0.621463 -0.823417 
2.54349 -0.817074 0.558175 -0.611418 -0.814762 0.562417 -0.623957 -0.833587 
2.55609 -0.824772 0.547838 -0.611418 -0.822634 0.552108 -0.626452 -0.843084 
2.56868 -0.832471 0.537405 -0.611418 -0.830538 0.5417 -0.628947 -0.851774 
2.58127 -0.84017 0.526874 -0.611418 -0.838473 0.531193 -0.631442 -0.859523 
2.59386 -0.847869 0.516247 -0.611418 -0.84644 0.520585 -0.633937 -0.866197 
2.60645 -0.855567 0.505522 -0.611418 -0.854438 0.509876 -0.636431 -0.871662 
2.61904 -0.863266 0.494701 -0.611418 -0.862467 0.499067 -0.638926 -0.875784 
2.63163 -0.870965 0.483782 -0.611418 -0.870528 0.488157 -0.641421 -0.87843 
2.64423 -0.878663 0.472767 -0.611418 -0.87862 0.477145 -0.643916 -0.879464 
2.65682 -0.883115 0.461673 -0.323222 -0.886608 0.466031 -0.62231 -0.879837 
2.66941 -0.887185 0.450528 -0.323222 -0.89429 0.454818 -0.597868 -0.881062 
2.682 -0.891255 0.439331 -0.323222 -0.901664 0.443511 -0.573426 -0.883083 
2.69459 -0.895325 0.428083 -0.323222 -0.908731 0.432113 -0.548985 -0.885829 
2.70718 -0.899395 0.416784 -0.323222 -0.915489 0.420628 -0.524543 -0.889228 
2.71978 -0.903465 0.405434 -0.323222 -0.92194 0.409059 -0.500102 -0.893211 
2.73237 -0.907534 0.394032 -0.323222 -0.928083 0.397412 -0.47566 -0.897706 
2.74496 -0.911604 0.382579 -0.323222 -0.933919 0.385689 -0.451219 -0.902642 
2.75755 -0.915674 0.371075 -0.323222 -0.939446 0.373894 -0.426777 -0.90795 
2.77014 -0.919744 0.35952 -0.323222 -0.944666 0.362032 -0.402335 -0.913557 
2.78273 -0.923814 0.347913 -0.323222 -0.949579 0.350106 -0.377894 -0.919394 
2.79532 -0.927884 0.336255 -0.323222 -0.954183 0.33812 -0.353452 -0.925389 
2.80792 -0.931954 0.324546 -0.323222 -0.95848 0.326078 -0.329011 -0.931472 
2.82051 -0.936023 0.312786 -0.323222 -0.962468 0.313983 -0.304569 -0.937571 
2.8331 -0.940093 0.300974 -0.323222 -0.96615 0.301841 -0.280128 -0.943617 
2.84569 -0.944163 0.289111 -0.323222 -0.969523 0.289654 -0.255686 -0.949537 
2.85828 -0.948233 0.277197 -0.323222 -0.972589 0.277427 -0.231244 -0.955262 
2.87087 -0.952303 0.265232 -0.323222 -0.975346 0.265163 -0.206803 -0.96072 
2.88347 -0.956373 0.253215 -0.323222 -0.977796 0.252866 -0.182361 -0.965842 
2.89606 -0.960443 0.241147 -0.323222 -0.979939 0.24054 -0.15792 -0.970555 
2.90865 -0.964513 0.229028 -0.323222 -0.981773 0.228189 -0.133478 -0.974789 
2.92124 -0.968582 0.216858 -0.323222 -0.9833 0.215817 -0.109037 -0.978473 
2.93383 -0.972652 0.204636 -0.323222 -0.984519 0.203428 -0.084595 -0.981538 
2.94642 -0.976722 0.192364 -0.323222 -0.985431 0.191025 -0.0601535 -0.98391 
2.95902 -0.980792 0.180039 -0.323222 -0.986034 0.178613 -0.0357119 -0.985521 
2.97161 -0.984862 0.167664 -0.323222 -0.98633 0.166195 -0.0112703 -0.986299 
2.9842 -0.986361 0.155248 -3.35725e-16 -0.986379 0.153775 -0.00215658 -0.986361 
2.99679 -0.986361 0.142828 -3.35725e-16 -0.986405 0.141355 -0.00198405 -0.986361 
3.00938 -0.986361 0.130408 -3.35725e-16 -0.986429 0.128934 -0.00181152 -0.986361 
3.02197 -0.986361 0.117988 -3.35725e-16 -0.986451 0.116514 -0.001639 -0.986361 
3.03456 -0.986361 0.105568 -3.35725e-16 -0.98647 0.104093 -0.00146647 -0.986361 
3.04716 -0.986361 0.0931487 -3.35725e-16 -0.986488 0.0916713 -0.00129395 -0.986361 
3.05975 -0.986361 0.0807288 -3.35725e-16 -0.986503 0.0792498 -0.00112142 -0.986361 
3.07234 -0.986361 0.068309 -3.35725e-16 -0.986516 0.0668281 -0.000948893 -0.986361 
3.08493 -0.986361 0.0558892 -3.35725e-16 -0.986527 0.0544062 -0.000776367 -0.986361 
3.09752 -0.986361 0.0434694 -3.35725e-16 -0.986535 0.0419843 -0.000603841 -0.986361 
3.11011 -0.986361 0.0310496 -3.35725e-16 -0.986542 0.0295622 -0.000431315 -0.986361 
3.12271 -0.986361 0.0186297 -3.35725e-16 -0.986546 0.0171401 -0.000258789 -0.986361 
3.1353 -0.986361 0.00620991 -3.35725e-16 -0.986548 0.00471793 -8.6263e-05 -0.986361 
3.14789 -0.986361 -0.00620991 -3.35725e-16 -0.986548 -0.00770425 8.6263e-05 -0.986361 
3.16048 -0.986361 -0.0186297 -3.35725e-16 -0.986546 -0.0201264 0.000258789 -0.986361 
3.17307 -0.986361 -0.0310496 -3.35725e-16 -0.986542 -0.0325485 0.000431315 -0.986361 
3.18566 -0.986361 -0.0434694 -3.35725e-16 -0.986535 -0.0449706 0.000603841 -0.986361 
3.19825 -0.986361 -0.0558892 -3.35725e-16 -0.986527 -0.0573926 0.000776367 -0.986361 
3.21085 -0.986361 -0.068309 -3.35725e-16 -0.986516 -0.0698144 0.000948893 -0.986361 
3.22344 -0.986361 -0.0807288 -3.35725e-16 -0.986503 -0.0822361 0.00112142 -0.986361 
3.23603 -0.986361 -0.0931487 -3.35725e-16 -0.986488 -0.0946576 0.00129395 -0.986361 
3.24862 -0.986361 -0.105568 -3.35725e-16 -0.98647 -0.107079 0.00146647 -0.986361 
3.26121 -0.986361 -0.117988 -3.35725e-16 -0.986451 -0.1195 0.001639 -0.986361 
3.2738 -0.986361 -0.130408 -3.35725e-16 -0.986429 -0.131921 0.00181152 -0.986361 
3.2864 -0.986361 -0.142828 -3.35725e-16 -0.986405 -0.144341 0.00198405 -0.986361 
3.29899 -0.986361 -0.155248 -3.35725e-16 -0.986379 -0.156762 0.00215658 -0.986361 
3.31158 -0.984862 -0.167664 0.323222 -0.98633 -0.169181 0.0112703 -0.986299 
3.32417 -0.980792 -0.180039 0.323222 -0.986034 -0.181599 0.0357119 -0.985521 
3.33676 -0.976722 -0.192364 0.323222 -0.985431 -0.194011 0.0601535 -0.98391 
3.34935 -0.972652 -0.204636 0.323222 -0.984519 -0.206414 0.084595 -0.981538 
3.36194 -0.968582 -0.216858 0.323222 -0.9833 -0.218803 0.109037 -0.978473 
3.37454 -0.964513 -0.229028 0.323222 -0.981773 -0.231175 0.133478 -0.974789 
3.38713 -0.960443 -0.241147 0.323222 -0.979939 -0.243526 0.15792 -0.970555 
3.39972 -0.956373 -0.253215 0.323222 -0.977796 -0.255852 0.182361 -0.965842 
3.41231 -0.952303 -0.265232 0.323222 -0.975346 -0.268149 0.206803 -0.96072 
3.4249 -0.948233 -0.277197 0.323222 -0.972589 -0.280413 0.231244 -0.955262 
3.43749 -0.944163 -0.289111 0.323222 -0.969523 -0.29264 0.255686 -0.949537 
3.45009 -0.940093 -0.300974 0.323222 -0.96615 -0.304827 0.280128 -0.943617 
3.46268 -0.936023 -0.312786 0.323222 -0.962468 -0.31697 0.304569 -0.937571 
3.47527 -0.931954 -0.324546 0.323222 -0.95848 -0.329064 0.329011 -0.931472 
3.48786 -0.927884 -0.336255 0.323222 -0.954183 -0.341106 0.353452 -0.925389 
3.50045 -0.923814 -0.347913 0.323222 -0.949579 -0.353092 0.377894 -0.919394 
3.51304 -0.919744 -0.35952 0.323222 -0.944666 -0.365018 0.402335 -0.913557 
3.52564 -0.915674 -0.371075 0.323222 -0.939446 -0.37688 0.426777 -0.90795 
3.53823 -0.911604 -0.382579 0.323222 -0.933919 -0.388675 0.451219 -0.902642 
3.55082 -0.907534 -0.394032 0.323222 -0.928083 -0.400398 0.47566 -0.897706 
3.56341 -0.903465 -0.405434 0.323222 -0.92194 -0.412046 0.500102 -0.893211 
3.576 -0.899395 -0.416784 0.323222 -0.915489 -0.423614 0.524543 -0.889228 
3.58859 -0.895325 -0.428083 0.323222 -0.908731 -0.435099 0.548985 -0.885829 
3.60118 -0.891255 -0.439331 0.323222 -0.901664 -0.446497 0.573426 -0.883083 
3.61378 -0.887185 -0.450528 0.323222 -0.89429 -0.457805 0.597868 -0.881062 
3.62637 -0.883115 -0.461673 0.323222 -0.886608 -0.469017 0.62231 -0.879837 
3.63896 -0.878663 -0.472767 0.611418 -0.87862 -0.480131 0.643916 -0.879464 
3.65155 -0.870965 -0.483782 0.611418 -0.870528 -0.491143 0.641421 -0.87843 
3.66414 -0.863266 -0.494701 0.611418 -0.862467 -0.502054 0.638926 -0.875784 
3.67673 -0.855567 -0.505522 0.611418 -0.854438 -0.512863 0.636431 -0.871662 
3.68933 -0.847869 -0.516247 0.611418 -0.84644 -0.523571 0.633937 -0.866197 
3.70192 -0.84017 -0.526874 0.611418 -0.838473 -0.534179 0.631442 -0.859523 
3.71451 -0.832471 -0.537405 0.611418 -0.830538 -0.544687 0.628947 -0.851774 
3.7271 -0.824772 -0.547838 0.611418 -0.822634 -0.555095 0.626452 -0.843084 
3.73969 -0.817074 -0.558175 0.611418 -0.814762 -0.565403 0.623957 -0.833587 
3.75228 -0.809375 -0.568415 0.611418 -0.806921 -0.575613 0.621463 -0.823417 
3.76487 -0.801676 -0.578558 0.611418 -0.799112 -0.585724 0.618968 -0.812707 
3.77747 -0.793978 -0.588604 0.611418 -0.791334 -0.595737 0.616473 -0.801592 
3.79006 -0.786279 -0.598552 0.611418 -0.783587 -0.605653 0.613978 -0.790205 
3.80265 -0.77858 -0.608404 0.611418 -0.775872 -0.615471 0.611483 -0.778682 
3.81524 -0.770882 -0.61816 0.611418 -0.768188 -0.625192 0.608989 -0.767154 
3.82783 -0.763183 -0.627818 0.611418 -0.760536 -0.634816 0.606494 -0.755757 
3.84042 -0.755484 -0.637379 0.611418 -0.752915 -0.644344 0.603999 -0.744624 
3.85302 -0.747785 -0.646843 0.611418 -0.745325 -0.653777 0.601504 -0.73389 
3.86561 -0.740087 -0.65621 0.611418 -0.737767 -0.663114 0.599009 -0.723688 
3.8782 -0.732388 -0.665481 0.611418 -0.73024 -0.672356 0.596515 -0.714152 
3.89079 -0.724689 -0.674654 0.611418 -0.722745 -0.681504 0.59402 -0.705416 
3.90338 -0.716991 -0.683731 0.611418 -0.715281 -0.690557 0.591525 -0.697614 
3.91597 -0.709292 -0.69271 0.611418 -0.707848 -0.699517 0.58903 -0.69088 
3.92856 -0.701593 -0.701593 0.611418 -0.700447 -0.708383 0.586536 -0.685348 
3.94116 -0.693895 -0.710379 0.611418 -0.693078 -0.717157 0.584041 -0.681152 
3.95375 -0.686196 -0.719067 0.611418 -0.685739 -0.725837 0.581546 -0.678426 
3.96634 -0.678497 -0.727659 0.611418 -0.678432 -0.734426 0.579051 -0.677303 
3.97893 -0.668445 -0.736142 0.833357 -0.671059 -0.742922 0.594991 -0.67645 
3.99152 -0.657952 -0.744492 0.833357 -0.663445 -0.751324 0.614387 -0.673404 
4.00411 -0.647459 -0.752711 0.833357 -0.655587 -0.759629 0.633783 -0.668298 
4.01671 -0.636965 -0.760797 0.833357 -0.647485 -0.767833 0.653179 -0.661313 
4.0293 -0.626472 -0.768752 0.833357 -0.639138 -0.775933 0.672575 -0.652633 
4.04189 -0.615979 -0.776574 0.833357 -0.630547 -0.783927 0.691971 -0.642439 
4.05448 -0.605486 -0.784264 0.833357 -0.621712 -0.791811 0.711367 -0.630914 
4.06707 -0.594992 -0.791822 0.833357 -0.612633 -0.799583 0.730763 -0.618241 
4.07966 -0.584499 -0.799248 0.833357 -0.603309 -0.807238 0.750159 -0.604603 
4.09225 -0.574006 -0.806541 0.833357 -0.593741 -0.814775 0.769554 -0.590181 
4.10485 -0.563513 -0.813703 0.833357 -0.583929 -0.82219 0.78895 -0.575159 
4.11744 -0.553019 -0.820732 0.833357 -0.573873 -0.829479 0.808346 -0.559719 
4.13003 -0.542526 -0.82763 0.833357 -0.563573 -0.836641 0.827742 -0.544044 
4.14262 -0.532033 -0.834395 0.833357 -0.553028 -0.843671 0.847138 -0.528316 
4.15521 -0.52154 -0.841028 0.833357 -0.542239 -0.850566 0.866534 -0.512717 
4.1678 -0.511046 -0.847529 0.833357 -0.531206 -0.857325 0.88593 -0.497431 
4.1804 -0.500553 -0.853898 0.833357 -0.519929 -0.863943 0.905326 -0.48264 
4.19299 -0.49006 -0.860134 0.833357 -0.508407 -0.870417 0.924722 -0.468526 
4.20558 -0.479566 -0.866239 0.833357 -0.496641 -0.876745 0.944118 -0.455271 
4.21817 -0.469073 -0.872211 0.833357 -0.484631 -0.882923 0.963514 -0.44306 
4.23076 -0.45858 -0.878051 0.833357 -0.472377 -0.888949 0.98291 -0.432073 
4.24335 -0.448087 -0.88376 0.833357 -0.459879 -0.894818 1.00231 -0.422494 
4.25595 -0.437593 -0.889336 0.833357 -0.447136 -0.900529 1.0217 -0.414505 
4.26854 -0.4271 -0.89478 0.833357 -0.434149 -0.906077 1.0411 -0.408289 
4.28113 -0.416607 -0.900091 0.833357 -0.420918 -0.911461 1.06049 -0.404029 
4.29372 -0.406114 -0.905271 0.833357 -0.407442 -0.916676 1.07989 -0.401906 
4.30631 -0.394661 -0.910315 0.964989 -0.393783 -0.921721 1.08263 -0.401237 
4.3189 -0.38251 -0.915208 0.964989 -0.38021 -0.926593 1.07326 -0.398374 
4.33149 -0.370359 -0.919948 0.964989 -0.366755 -0.931296 1.06389 -0.393068 
4.34409 -0.358209 -0.924535 0.964989 -0.353418 -0.93583 1.05452 -0.385532 
4.35668 -0.346058 -0.928969 0.964989 -0.340199 -0.940197 1.04514 -0.375977 
4.36927 -0.333907 -0.93325 0.964989 -0.327098 -0.944398 1.03577 -0.364614 
4.38186 -0.321757 -0.937378 0.964989 -0.314116 -0.948435 1.0264 -0.351654 
4.39445 -0.309606 -0.941352 0.964989 -0.301251 -0.952309 1.01703 -0.337308 
4.40704 -0.297455 -0.945174 0.964989 -0.288504 -0.956022 1.00766 -0.321789 
4.41964 -0.285304 -0.948843 0.964989 -0.275875 -0.959575 0.998284 -0.305308 
4.43223 -0.273154 -0.952359 0.964989 -0.263364 -0.962969 0.988912 -0.288076 
4.44482 -0.261003 -0.955722 0.964989 -0.250971 -0.966207 0.97954 -0.270304 
4.45741 -0.248852 -0.958932 0.964989 -0.238696 -0.96929 0.970168 -0.252204 
4.47 -0.236702 -0.961989 0.964989 -0.226539 -0.972219 0.960796 -0.233987 
4.48259 -0.224551 -0.964893 0.964989 -0.2145 -0.974996 0.951425 -0.215864 
4.49518 -0.2124 -0.967644 0.964989 -0.202579 -0.977621 0.942053 -0.198048 
4.50778 -0.200249 -0.970242 0.964989 -0.190776 -0.980098 0.932681 -0.180749 
4.52037 -0.188099 -0.972687 0.964989 -0.179091 -0.982426 0.923309 -0.164179 
4.53296 -0.175948 -0.974979 0.964989 -0.167524 -0.984608 0.913937 -0.148548 
4.54555 -0.163797 -0.977118 0.964989 -0.156076 -0.986645 0.904565 -0.13407 
4.55814 -0.151647 -0.979104 0.964989 -0.144745 -0.988539 0.895193 -0.120954 
4.57073 -0.139496 -0.980937 0.964989 -0.133532 -0.990291 0.885821 -0.109413 
4.58333 -0.127345 -0.982617 0.964989 -0.122437 -0.991902 0.876449 -0.0996568 
4.59592 -0.115194 -0.984144 0.964989 -0.11146 -0.993375 0.867078 -0.0918982 
4.60851 -0.103044 -0.985518 0.964989 -0.100601 -0.99471 0.857706 -0.0863481 
4.6211 -0.090893 -0.986739 0.964989 -0.0898604 -0.995909 0.848334 -0.0832178 
4.63369 -0.0786347 -0.987806 0.99205 -0.0792245 -0.996973 0.845532 -0.0824382 
4.64628 -0.0661432 -0.988718 0.99205 -0.0685059 -0.997904 0.856964 -0.0801915 
4.65887 -0.0536518 -0.989472 0.99205 -0.0576434 -0.998698 0.868397 -0.075377 
4.67147 -0.0411603 -0.990069 0.99205 -0.046637 -0.999355 0.87983 -0.068212 
4.68406 -0.0286689 -0.990509 0.99205 -0.0354866 -0.999872 0.891262 -0.0589138 
4.69665 -0.0161774 -0.990791 0.99205 -0.0241922 -1.00025 0.902695 -0.0476998 
4.70924 -0.003686 -0.990916 0.99205 -0.0127539 -1.00048 0.914127 -0.0347873 
4.72183 0.00880545 -0.990884 0.99205 -0.00117167 -1.00057 0.92556 -0.0203935 
4.73442 0.0212969 -0.990694 0.99205 0.0105545 -1.00051 0.936993 -0.00473589 
4.74702 0.0337883 -0.990347 0.99205 0.0224247 -1.0003 0.948425 0.0119683 
4.75961 0.0462798 -0.989843 0.99205 0.0344388 -0.999944 0.959858 0.0295018 
4.7722 0.0587712 -0.989182 0.99205 0.0465969 -0.999434 0.97129 0.0476472 
4.78479 0.0712627 -0.988363 0.99205 0.058899 -0.99877 0.982723 0.0661871 
4.79738 0.0837541 -0.987387 0.99205 0.0713449 -0.99795 0.994156 0.0849044 
4.80997 0.0962456 -0.986254 0.99205 0.0839349 -0.996973 1.00559 0.103582 
4.82257 0.108737 -0.984964 0.99205 0.0966688 -0.995836 1.01702 0.122002 
4.83516 0.121228 -0.983516 0.99205 0.109547 -0.994538 1.02845 0.139947 
4.84775 0.13372 -0.981911 0.99205 0.122568 -0.993076 1.03989 0.1572 
4.86034 0.146211 -0.980148 0.99205 0.135734 -0.99145 1.05132 0.173544 
4.87293 0.158703 -0.978229 0.99205 0.149044 -0.989658 1.06275 0.188761 
4.88552 0.171194 -0.976152 0.99205 0.162498 -0.987696 1.07418 0.202635 
4.89811 0.183686 -0.973917 0.99205 0.176095 -0.985565 1.08562 0.214947 
4.91071 0.196177 -0.971526 0.99205 0.189837 -0.983261 1.09705 0.22548 
4.9233 0.208669 -0.968977 0.99205 0.203722 -0.980783 1.10848 0.234018 
4.93589 0.22116 -0.966271 0.99205 0.217752 -0.97813 1.11991 0.240342 
4.94848 0.233651 -0.963408 0.99205 0.231925 -0.975299 1.13135 0.244236 
4.96107 0.24609 -0.960387 0.911606 0.246242 -0.972289 1.14125 0.245489 
4.97366 0.257568 -0.957216 0.911606 0.260502 -0.969098 1.1237 0.246899 
4.98626 0.269047 -0.953901 0.911606 0.27454 -0.96573 1.10614 0.250722 
4.99885 0.280525 -0.950441 0.911606 0.288358 -0.962185 1.08858 0.256757 
5.01144 0.292004 -0.946836 0.911606 0.301954 -0.958469 1.07102 0.264805 
5.02403 0.303482 -0.943087 0.911606 0.315329 -0.954582 1.05346 0.274665 
5.03662 0.314961 -0.939193 0.911606 0.328483 -0.950529 1.0359 0.28614 
5.04921 0.326439 -0.935155 0.911606 0.341417 -0.946311 1.01834 0.299027 
5.0618 0.337918 -0.930973 0.911606 0.354129 -0.941932 1.00079 0.313129 
5.0744 0.349396 -0.926645 0.911606 0.366619 -0.937394 0.983227 0.328245 
5.08699 0.360875 -0.922174 0.911606 0.378889 -0.9327 0.965668 0.344176 
5.09958 0.372354 -0.917558 0.911606 0.390938 -0.927853 0.94811 0.360721 
5.11217 0.383832 -0.912797 0.911606 0.402766 -0.922856 0.930551 0.377682 
5.12476 0.395311 -0.907891 0.911606 0.414372 -0.917711 0.912992 0.394858 
5.13735 0.406789 -0.902842 0.911606 0.425758 -0.912422 0.895434 0.412049 
5.14995 0.418268 -0.897647 0.911606 0.436922 -0.90699 0.877875 0.429057 
5.16254 0.429746 -0.892308 0.911606 0.447865 -0.90142 0.860317 0.445681 
5.17513 0.441225 -0.886825 0.911606 0.458587 -0.895713 0.842758 0.461722 
5.18772 0.452703 -0.881197 0.911606 0.469088 -0.889872 0.8252 0.47698 
5.20031 0.464182 -0.875424 0.911606 0.479368 -0.8839 0.807641 0.491255 
5.2129 0.47566 -0.869507 0.911606 0.489427 -0.877801 0.790082 0.504348 
5.22549 0.487139 -0.863446 0.911606 0.499265 -0.871576 0.772524 0.516059 
5.23809 0.498617 -0.85724 0.911606 0.508882 -0.865229 0.754965 0.526187 
5.25068 0.510096 -0.850889 0.911606 0.518278 -0.858762 0.737407 0.534535 
5.26327 0.521575 -0.844394 0.911606 0.527452 -0.852178 0.719848 0.540901 
5.27586 0.533053 -0.837754 0.911606 0.536406 -0.84548 0.70229 0.545086 
5.28845 0.544532 -0.83097 0.911606 0.545138 -0.83867 0.684731 0.54689 
5.30104 0.554228 -0.82405 0.732376 0.553733 -0.831752 0.684121 0.547592 
5.31364 0.56345 -0.817013 0.732376 0.562372 -0.824725 0.688031 0.550168 
5.32623 0.572672 -0.809861 0.732376 0.57106 -0.81759 0.691941 0.554564 
5.33882 0.581894 -0.802592 0.732376 0.579797 -0.810344 0.695851 0.56062 
5.35141 0.591116 -0.795207 0.732376 0.588584 -0.802988 0.69976 0.568174 
5.364 0.600337 -0.787706 0.732376 0.59742 -0.795522 0.70367 0.577067 
5.37659 0.609559 -0.780088 0.732376 0.606304 -0.787943 0.70758 0.587137 
5.38918 0.618781 -0.772355 0.732376 0.615239 -0.780253 0.71149 0.598225 
5.40178 0.628003 -0.764506 0.732376 0.624222 -0.772449 0.715399 0.610171 
5.41437 0.637224 -0.75654 0.732376 0.633255 -0.764533 0.719309 0.622812 
5.42696 0.646446 -0.748458 0.732376 0.642336 -0.756502 0.723219 0.63599 
5.43955 0.655668 -0.74026 0.732376 0.651468 -0.748356 0.727129 0.649544 
5.45214 0.66489 -0.731946 0.732376 0.660648 -0.740096 0.731039 0.663313 
5.46473 0.674111 -0.723516 0.732376 0.669877 -0.731719 0.734948 0.677137 
5.47733 0.683333 -0.71497 0.732376 0.679156 -0.723226 0.738858 0.690856 
5.48992 0.692555 -0.706308 0.732376 0.688484 -0.714616 0.742768 0.704308 
5.50251 0.701777 -0.69753 0.732376 0.697861 -0.705887 0.746678 0.717334 
5.5151 0.710998 -0.688635 0.732376 0.707288 -0.697041 0.750587 0.729773 
5.52769 0.72022 -0.679624 0.732376 0.716763 -0.688076 0.754497 0.741465 
5.54028 0.729442 -0.670498 0.732376 0.726288 -0.678991 0.758407 0.752249 
5.55288 0.738664 -0.661255 0.732376 0.735862 -0.669785 0.762317 0.761965 
5.56547 0.747885 -0.651896 0.732376 0.745486 -0.660459 0.766227 0.770452 
5.57806 0.757107 -0.642421 0.732376 0.755158 -0.651011 0.770136 0.777551 
5.59065 0.766329 -0.63283 0.732376 0.76488 -0.641442 0.774046 0.783099 
5.60324 0.775551 -0.623122 0.732376 0.774651 -0.631749 0.777956 0.786938 
5.61583 0.784772 -0.613299 0.732376 0.784472 -0.621933 0.781866 0.788907 
5.62842 0.79228 -0.603365 0.473782 0.794293 -0.611994 0.771295 0.789327 
5.64102 0.798246 -0.593351 0.473782 0.803856 -0.601932 0.747693 0.790667 
5.65361 0.804212 -0.583263 0.473782 0.813122 -0.591751 0.724091 0.793211 
5.6662 0.810177 -0.573099 0.473782 0.822091 -0.581456 0.700488 0.796856 
5.67879 0.816143 -0.56286 0.473782 0.830763 -0.57105 0.676886 0.801498 
5.69138 0.822109 -0.552546 0.473782 0.839137 -0.560536 0.653284 0.807033 
5.70397 0.828074 -0.542157 0.473782 0.847215 -0.549919 0.629681 0.813357 
5.71657 0.83404 -0.531692 0.473782 0.854995 -0.539202 0.606079 0.820367 
5.72916 0.840006 -0.521153 0.473782 0.862478 -0.528389 0.582477 0.827958 
5.74175 0.845971 -0.510538 0.473782 0.869663 -0.517483 0.558874 0.836028 
5.75434 0.851937 -0.499849 0.473782 0.876552 -0.506489 0.535272 0.844472 
5.76693 0.857902 -0.489084 0.473782 0.883143 -0.49541 0.51167 0.853186 
5.77952 0.863868 -0.478244 0.473782 0.889437 -0.48425 0.488067 0.862067 
5.79211 0.869834 -0.467329 0.473782 0.895434 -0.473013 0.464465 0.87101 
5.80471 0.875799 -0.456339 0.473782 0.901134 -0.461701 0.440863 0.879913 
5.8173 0.881765 -0.445274 0.473782 0.906536 -0.45032 0.41726 0.888671 
5.82989 0.887731 -0.434133 0.473782 0.911642 -0.438873 0.393658 0.89718 
5.84248 0.893696 -0.422918 0.473782 0.91645 -0.427364 0.370056 0.905337 
5.85507 0.899662 -0.411627 0.473782 0.920961 -0.415795 0.346453 0.913038 
5.86766 0.905628 -0.400262 0.473782 0.925175 -0.404172 0.322851 0.920179 
5.88026 0.911593 -0.388821 0.473782 0.929091 -0.392498 0.299249 0.926656 
5.89285 0.917559 -0.377305 0.473782 0.932711 -0.380776 0.275646 0.932366 
5.90544 0.923525 -0.365714 0.473782 0.936033 -0.369011 0.252044 0.937204 
5.91803 0.92949 -0.354048 0.473782 0.939058 -0.357205 0.228442 0.941068 
5.93062 0.935456 -0.342306 0.473782 0.941786 -0.345363 0.204839 0.943852 
5.94321 0.941422 -0.33049 0.473782 0.944216 -0.333489 0.181237 0.945454 
5.9558 0.94636 -0.3186 0.163846 0.94636 -0.321586 0.163846 0.945821 
5.9684 0.948423 -0.306671 0.163846 0.948423 -0.309657 0.163846 0.945896 
5.98099 0.950486 -0.294716 0.163846 0.950486 -0.297702 0.163846 0.946075 
5.99358 0.952549 -0.282735 0.163846 0.952549 -0.285721 0.163846 0.946365 
6.00617 0.954612 -0.270728 0.163846 0.954612 -0.273714 0.163846 0.946774 
6.01876 0.956676 -0.258695 0.163846 0.956676 -0.261681 0.163846 0.947308 
6.03135 0.958739 -0.246636 0.163846 0.958739 -0.249622 0.163846 0.947974 
6.04395 0.960802 -0.234551 0.163846 0.960802 -0.237537 0.163846 0.94878 
6.05654 0.962865 -0.22244 0.163846 0.962865 -0.225426 0.163846 0.949732 
6.06913 0.964928 -0.210303 0.163846 0.964928 -0.213289 0.163846 0.950838 
6.08172 0.966991 -0.19814 0.163846 0.966991 -0.201126 0.163846 0.952105 
6.09431 0.969054 -0.185951 0.163846 0.969054 -0.188937 0.163846 0.95354 
6.1069 0.971117 -0.173736 0.163846 0.971117 -0.176722 0.163846 0.955149 
6.1195 0.97318 -0.161495 0.163846 0.97318 -0.164481 0.163846 0.95694 
6.13209 0.975243 -0.149228 0.163846 0.975243 -0.152215 0.163846 0.958921 
6.14468 0.977306 -0.136935 0.163846 0.977306 -0.139922 0.163846 0.961097 
6.15727 0.979369 -0.124617 0.163846 0.979369 -0.127603 0.163846 0.963476 
6.16986 0.981432 -0.112272 0.163846 0.981432 -0.115258 0.163846 0.966066 
6.18245 0.983495 -0.0999012 0.163846 0.983495 -0.102887 0.163846 0.968873 
6.19504 0.985559 -0.0875044 0.163846 0.985559 -0.0904908 0.163846 0.971904 
6.20764 0.987622 -0.0750817 0.163846 0.987622 -0.0780681 0.163846 0.975167 
6.22023 0.989685 -0.0626331 0.163846 0.989685 -0.0656194 0.163846 0.978669 
6.23282 0.991748 -0.0501584 0.163846 0.991748 -0.0531447 0.163846 0.982415 
6.24541 0.993811 -0.0376578 0.163846 0.993811 -0.0406441 0.163846 0.986415 
6.258 0.995874 -0.0251312 0.163846 0.995874 -0.0281175 0.163846 0.990674 
6.27059 0.997937 -0.0125786 0.163846 0.997937 -0.0155649 0.163846 0.9952 
6.28319 1 -3.88578e-16 0.163846 1 -0.00298632 0.163846 1 
