0 nan
0.01 4.59948
0.02 3.9008
0.03 3.48997
0.04 3.19708
0.05 2.96888
0.06 2.78166
0.07 2.62275
0.08 2.48462
0.09 2.36238
0.1 2.25271
0.11 2.15324
0.12 2.0622
0.13 1.97827
0.14 1.90042
0.15 1.82781
0.16 1.7598
0.17 1.69583
0.18 1.63546
0.19 1.57831
0.2 1.52406
0.21 1.47245
0.22 1.42322
0.23 1.37619
0.24 1.33118
0.25 1.28802
0.26 1.24659
0.27 1.20675
0.28 1.1684
0.29 1.13145
0.3 1.0958
0.31 1.06137
0.32 1.0281
0.33 0.995917
0.34 0.964762
0.35 0.934581
0.36 0.905325
0.37 0.876947
0.38 0.849405
0.39 0.822661
0.4 0.796678
0.41 0.771422
0.42 0.746864
0.43 0.722973
0.44 0.699722
0.45 0.677087
0.46 0.655044
0.47 0.63357
0.48 0.612645
0.49 0.59225
0.5 0.572365
0.51 0.552974
0.52 0.53406
0.53 0.515608
0.54 0.497603
0.55 0.480031
0.56 0.462879
0.57 0.446135
0.58 0.429787
0.59 0.413824
0.6 0.398234
0.61 0.383008
0.62 0.368136
0.63 0.353608
0.64 0.339417
0.65 0.325552
0.66 0.312007
0.67 0.298773
0.68 0.285843
0.69 0.27321
0.7 0.260867
0.71 0.248808
0.72 0.237025
0.73 0.225514
0.74 0.214268
0.75 0.203281
0.76 0.192549
0.77 0.182065
0.78 0.171826
0.79 0.161825
0.8 0.15206
0.81 0.142524
0.82 0.133214
0.83 0.124125
0.84 0.115253
0.85 0.106595
0.86 0.0981466
0.87 0.0899039
0.88 0.0818636
0.89 0.0740222
0.9 0.0663762
0.91 0.0589226
0.92 0.051658
0.93 0.0445795
0.94 0.037684
0.95 0.0309688
0.96 0.0244309
0.97 0.0180677
0.98 0.0118765
0.99 0.0058548
1 -1.09351e-08
1.01 -0.00569032
1.02 -0.0112185
1.03 -0.0165869
1.04 -0.0217977
1.05 -0.0268531
1.06 -0.0317553
1.07 -0.0365063
1.08 -0.0411082
1.09 -0.0455629
1.1 -0.0498725
1.11 -0.0540386
1.12 -0.0580633
1.13 -0.0619483
1.14 -0.0656954
1.15 -0.0693062
1.16 -0.0727825
1.17 -0.0761258
1.18 -0.0793378
1.19 -0.0824201
1.2 -0.0853741
1.21 -0.0882014
1.22 -0.0909034
1.23 -0.0934815
1.24 -0.0959372
1.25 -0.0982718
1.26 -0.100487
1.27 -0.102583
1.28 -0.104563
1.29 -0.106426
1.3 -0.108175
1.31 -0.10981
1.32 -0.111333
1.33 -0.112745
1.34 -0.114048
1.35 -0.115241
1.36 -0.116327
1.37 -0.117305
1.38 -0.118179
1.39 -0.118948
1.4 -0.119613
1.41 -0.120176
1.42 -0.120637
1.43 -0.120997
1.44 -0.121258
1.45 -0.121421
1.46 -0.121485
1.47 -0.121453
1.48 -0.121324
1.49 -0.1211
1.5 -0.120782
1.51 -0.120371
1.52 -0.119867
1.53 -0.119271
1.54 -0.118583
1.55 -0.117806
1.56 -0.116939
1.57 -0.115984
1.58 -0.11494
1.59 -0.113809
1.6 -0.112592
1.61 -0.111288
1.62 -0.1099
1.63 -0.108427
1.64 -0.106871
1.65 -0.105231
1.66 -0.103508
1.67 -0.101704
1.68 -0.0998192
1.69 -0.0978534
1.7 -0.0958077
1.71 -0.0936827
1.72 -0.0914789
1.73 -0.089197
1.74 -0.0868376
1.75 -0.0844011
1.76 -0.0818883
1.77 -0.0792996
1.78 -0.0766356
1.79 -0.0738969
1.8 -0.0710839
1.81 -0.0681972
1.82 -0.0652374
1.83 -0.0622048
1.84 -0.0591002
1.85 -0.0559238
1.86 -0.0526763
1.87 -0.0493581
1.88 -0.0459698
1.89 -0.0425116
1.9 -0.0389843
1.91 -0.0353881
1.92 -0.0317236
1.93 -0.0279912
1.94 -0.0241914
1.95 -0.0203245
1.96 -0.0163911
1.97 -0.0123915
1.98 -0.00832616
1.99 -0.00419554
2 -1.09351e-08
2.01 0.00426001
2.02 0.00858413
2.03 0.0129719
2.04 0.0174231
2.05 0.0219371
2.06 0.0265136
2.07 0.0311524
2.08 0.0358529
2.09 0.0406148
2.1 0.0454377
2.11 0.0503214
2.12 0.0552653
2.13 0.0602693
2.14 0.0653329
2.15 0.0704557
2.16 0.0756375
2.17 0.0808779
2.18 0.0861766
2.19 0.0915332
2.2 0.0969475
2.21 0.102419
2.22 0.107947
2.23 0.113533
2.24 0.119174
2.25 0.124872
2.26 0.130625
2.27 0.136434
2.28 0.142298
2.29 0.148216
2.3 0.154189
2.31 0.160217
2.32 0.166298
2.33 0.172433
2.34 0.178622
2.35 0.184864
2.36 0.191158
2.37 0.197505
2.38 0.203905
2.39 0.210356
2.4 0.216859
2.41 0.223414
2.42 0.23002
2.43 0.236677
2.44 0.243385
2.45 0.250143
2.46 0.256951
2.47 0.26381
2.48 0.270718
2.49 0.277676
2.5 0.284683
2.51 0.291739
2.52 0.298844
2.53 0.305997
2.54 0.313199
2.55 0.320449
2.56 0.327747
2.57 0.335092
2.58 0.342485
2.59 0.349925
2.6 0.357412
2.61 0.364946
2.62 0.372526
2.63 0.380153
2.64 0.387826
2.65 0.395545
2.66 0.403309
2.67 0.411119
2.68 0.418975
2.69 0.426875
2.7 0.434821
2.71 0.442811
2.72 0.450845
2.73 0.458924
2.74 0.467048
2.75 0.475215
2.76 0.483426
2.77 0.49168
2.78 0.499978
2.79 0.508319
2.8 0.516703
2.81 0.52513
2.82 0.533599
2.83 0.542111
2.84 0.550665
2.85 0.559262
2.86 0.5679
2.87 0.57658
2.88 0.585302
2.89 0.594065
2.9 0.60287
2.91 0.611715
2.92 0.620602
2.93 0.629529
2.94 0.638497
2.95 0.647505
2.96 0.656553
2.97 0.665642
2.98 0.674771
2.99 0.683939
3 0.693147
3.01 0.702395
3.02 0.711682
3.03 0.721008
3.04 0.730373
3.05 0.739777
3.06 0.74922
3.07 0.758701
3.08 0.768221
3.09 0.777779
3.1 0.787375
3.11 0.797009
3.12 0.806681
3.13 0.816391
3.14 0.826139
3.15 0.835924
3.16 0.845746
3.17 0.855605
3.18 0.865501
3.19 0.875435
3.2 0.885405
3.21 0.895412
3.22 0.905455
3.23 0.915534
3.24 0.92565
3.25 0.935802
3.26 0.94599
3.27 0.956214
3.28 0.966473
3.29 0.976768
3.3 0.987099
3.31 0.997464
3.32 1.00787
3.33 1.0183
3.34 1.02877
3.35 1.03928
3.36 1.04982
3.37 1.0604
3.38 1.07101
3.39 1.08165
3.4 1.09233
3.41 1.10304
3.42 1.11379
3.43 1.12457
3.44 1.13538
3.45 1.14623
3.46 1.15711
3.47 1.16803
3.48 1.17898
3.49 1.18996
3.5 1.20097
3.51 1.21202
3.52 1.2231
3.53 1.23422
3.54 1.24536
3.55 1.25654
3.56 1.26775
3.57 1.279
3.58 1.29027
3.59 1.30158
3.6 1.31292
3.61 1.3243
3.62 1.3357
3.63 1.34714
3.64 1.3586
3.65 1.3701
3.66 1.38164
3.67 1.3932
3.68 1.40479
3.69 1.41642
3.7 1.42807
3.71 1.43976
3.72 1.45148
3.73 1.46323
3.74 1.47501
3.75 1.48682
3.76 1.49866
3.77 1.51053
3.78 1.52243
3.79 1.53436
3.8 1.54632
3.81 1.55831
3.82 1.57034
3.83 1.58239
3.84 1.59447
3.85 1.60658
3.86 1.61872
3.87 1.63089
3.88 1.64309
3.89 1.65532
3.9 1.66758
3.91 1.67987
3.92 1.69219
3.93 1.70453
3.94 1.71691
3.95 1.72931
3.96 1.74174
3.97 1.7542
3.98 1.76669
3.99 1.77921
4 1.79176
4.01 1.80433
4.02 1.81694
4.03 1.82957
4.04 1.84223
4.05 1.85492
4.06 1.86763
4.07 1.88038
4.08 1.89315
4.09 1.90595
4.1 1.91878
4.11 1.93163
4.12 1.94451
4.13 1.95742
4.14 1.97036
4.15 1.98333
4.16 1.99632
4.17 2.00934
4.18 2.02238
4.19 2.03546
4.2 2.04856
4.21 2.06168
4.22 2.07484
4.23 2.08802
4.24 2.10122
4.25 2.11446
4.26 2.12772
4.27 2.141
4.28 2.15432
4.29 2.16766
4.3 2.18102
4.31 2.19441
4.32 2.20783
4.33 2.22127
4.34 2.23474
4.35 2.24824
4.36 2.26176
4.37 2.27531
4.38 2.28888
4.39 2.30248
4.4 2.3161
4.41 2.32975
4.42 2.34343
4.43 2.35713
4.44 2.37085
4.45 2.38461
4.46 2.39838
4.47 2.41218
4.48 2.42601
4.49 2.43986
4.5 2.45374
4.51 2.46764
4.52 2.48156
4.53 2.49551
4.54 2.50949
4.55 2.52349
4.56 2.53751
4.57 2.55156
4.58 2.56564
4.59 2.57973
4.6 2.59386
4.61 2.608
4.62 2.62217
4.63 2.63637
4.64 2.65059
4.65 2.66483
4.66 2.6791
4.67 2.69339
4.68 2.7077
4.69 2.72204
4.7 2.73641
4.71 2.75079
4.72 2.7652
4.73 2.77963
4.74 2.79409
4.75 2.80857
4.76 2.82308
4.77 2.8376
4.78 2.85215
4.79 2.86673
4.8 2.88132
4.81 2.89594
4.82 2.91059
4.83 2.92525
4.84 2.93994
4.85 2.95465
4.86 2.96939
4.87 2.98415
4.88 2.99893
4.89 3.01373
4.9 3.02856
4.91 3.04341
4.92 3.05828
4.93 3.07317
4.94 3.08809
4.95 3.10303
4.96 3.11799
4.97 3.13297
4.98 3.14798
4.99 3.163
5 3.17805
5.01 3.19313
5.02 3.20822
5.03 3.22334
5.04 3.23848
5.05 3.25364
5.06 3.26882
5.07 3.28402
5.08 3.29925
5.09 3.31449
5.1 3.32976
5.11 3.34506
5.12 3.36037
5.13 3.3757
5.14 3.39106
5.15 3.40643
5.16 3.42183
5.17 3.43725
5.18 3.45269
5.19 3.46816
5.2 3.48364
5.21 3.49915
5.22 3.51467
5.23 3.53022
5.24 3.54579
5.25 3.56138
5.26 3.57699
5.27 3.59262
5.28 3.60827
5.29 3.62394
5.3 3.63964
5.31 3.65535
5.32 3.67109
5.33 3.68684
5.34 3.70262
5.35 3.71842
5.36 3.73423
5.37 3.75007
5.38 3.76593
5.39 3.78181
5.4 3.79771
5.41 3.81363
5.42 3.82957
5.43 3.84553
5.44 3.86151
5.45 3.87751
5.46 3.89353
5.47 3.90957
5.48 3.92563
5.49 3.94171
5.5 3.95781
5.51 3.97393
5.52 3.99008
5.53 4.00624
5.54 4.02242
5.55 4.03862
5.56 4.05484
5.57 4.07108
5.58 4.08734
5.59 4.10361
5.6 4.11991
5.61 4.13623
5.62 4.15257
5.63 4.16893
5.64 4.1853
5.65 4.2017
5.66 4.21811
5.67 4.23455
5.68 4.251
5.69 4.26748
5.7 4.28397
5.71 4.30048
5.72 4.31701
5.73 4.33356
5.74 4.35013
5.75 4.36672
5.76 4.38332
5.77 4.39995
5.78 4.41659
5.79 4.43326
5.8 4.44994
5.81 4.46664
5.82 4.48336
5.83 4.5001
5.84 4.51686
5.85 4.53363
5.86 4.55043
5.87 4.56724
5.88 4.58407
5.89 4.60092
5.9 4.61779
5.91 4.63468
5.92 4.65159
5.93 4.66851
5.94 4.68545
5.95 4.70241
5.96 4.71939
5.97 4.73639
5.98 4.75341
5.99 4.77044
6 4.78749
6.01 4.80456
6.02 4.82165
6.03 4.83876
6.04 4.85588
6.05 4.87302
6.06 4.89018
6.07 4.90736
6.08 4.92456
6.09 4.94177
6.1 4.959
6.11 4.97625
6.12 4.99352
6.13 5.01081
6.14 5.02811
6.15 5.04543
6.16 5.06277
6.17 5.08013
6.18 5.0975
6.19 5.11489
6.2 5.1323
6.21 5.14972
6.22 5.16717
6.23 5.18463
6.24 5.20211
6.25 5.2196
6.26 5.23712
6.27 5.25465
6.28 5.2722
6.29 5.28976
6.3 5.30734
6.31 5.32494
6.32 5.34256
6.33 5.36019
6.34 5.37784
6.35 5.39551
6.36 5.4132
6.37 5.4309
6.38 5.44862
6.39 5.46635
6.4 5.48411
6.41 5.50188
6.42 5.51966
6.43 5.53747
6.44 5.55529
6.45 5.57312
6.46 5.59098
6.47 5.60885
6.48 5.62674
6.49 5.64464
6.5 5.66256
6.51 5.6805
6.52 5.69845
6.53 5.71642
6.54 5.73441
6.55 5.75241
6.56 5.77044
6.57 5.78847
6.58 5.80652
6.59 5.82459
6.6 5.84268
6.61 5.86078
6.62 5.8789
6.63 5.89704
6.64 5.91519
6.65 5.93335
6.66 5.95154
6.67 5.96974
6.68 5.98795
6.69 6.00619
6.7 6.02443
6.71 6.0427
6.72 6.06098
6.73 6.07927
6.74 6.09759
6.75 6.11592
6.76 6.13426
6.77 6.15262
6.78 6.171
6.79 6.18939
6.8 6.2078
6.81 6.22622
6.82 6.24466
6.83 6.26312
6.84 6.28159
6.85 6.30007
6.86 6.31858
6.87 6.3371
6.88 6.35563
6.89 6.37418
6.9 6.39274
6.91 6.41133
6.92 6.42992
6.93 6.44853
6.94 6.46716
6.95 6.4858
6.96 6.50446
6.97 6.52314
6.98 6.54183
6.99 6.56053
7 6.57925
7.01 6.59799
7.02 6.61674
7.03 6.6355
7.04 6.65429
7.05 6.67308
7.06 6.69189
7.07 6.71072
7.08 6.72956
7.09 6.74842
7.1 6.76729
7.11 6.78618
7.12 6.80508
7.13 6.824
7.14 6.84294
7.15 6.86188
7.16 6.88085
7.17 6.89982
7.18 6.91882
7.19 6.93783
7.2 6.95685
7.21 6.97589
7.22 6.99494
7.23 7.01401
7.24 7.03309
7.25 7.05219
7.26 7.0713
7.27 7.09042
7.28 7.10957
7.29 7.12872
7.3 7.14789
7.31 7.16708
7.32 7.18628
7.33 7.20549
7.34 7.22472
7.35 7.24397
7.36 7.26323
7.37 7.2825
7.38 7.30179
7.39 7.32109
7.4 7.3404
7.41 7.35974
7.42 7.37908
7.43 7.39844
7.44 7.41782
7.45 7.43721
7.46 7.45661
7.47 7.47603
7.48 7.49546
7.49 7.5149
7.5 7.53436
7.51 7.55384
7.52 7.57333
7.53 7.59283
7.54 7.61235
7.55 7.63188
7.56 7.65143
7.57 7.67099
7.58 7.69056
7.59 7.71015
7.6 7.72975
7.61 7.74937
7.62 7.769
7.63 7.78864
7.64 7.8083
7.65 7.82797
7.66 7.84766
7.67 7.86736
7.68 7.88707
7.69 7.9068
7.7 7.92654
7.71 7.9463
7.72 7.96607
7.73 7.98585
7.74 8.00565
7.75 8.02546
7.76 8.04528
7.77 8.06512
7.78 8.08497
7.79 8.10484
7.8 8.12472
7.81 8.14461
7.82 8.16452
7.83 8.18444
7.84 8.20438
7.85 8.22432
7.86 8.24428
7.87 8.26426
7.88 8.28425
7.89 8.30425
7.9 8.32427
7.91 8.34429
7.92 8.36434
7.93 8.38439
7.94 8.40446
7.95 8.42455
7.96 8.44464
7.97 8.46475
7.98 8.48488
7.99 8.50501
8 8.52516
8.01 8.54532
8.02 8.5655
8.03 8.58569
8.04 8.60589
8.05 8.62611
8.06 8.64634
8.07 8.66658
8.08 8.68684
8.09 8.70711
8.1 8.72739
8.11 8.74768
8.12 8.76799
8.13 8.78831
8.14 8.80865
8.15 8.829
8.16 8.84936
8.17 8.86973
8.18 8.89012
8.19 8.91052
8.2 8.93093
8.21 8.95135
8.22 8.97179
8.23 8.99225
8.24 9.01271
8.25 9.03319
8.26 9.05368
8.27 9.07418
8.28 9.0947
8.29 9.11523
8.3 9.13577
8.31 9.15632
8.32 9.17689
8.33 9.19747
8.34 9.21806
8.35 9.23867
8.36 9.25929
8.37 9.27992
8.38 9.30056
8.39 9.32122
8.4 9.34188
8.41 9.36257
8.42 9.38326
8.43 9.40397
8.44 9.42469
8.45 9.44542
8.46 9.46616
8.47 9.48692
8.48 9.50769
8.49 9.52847
8.5 9.54927
8.51 9.57007
8.52 9.59089
8.53 9.61173
8.54 9.63257
8.55 9.65343
8.56 9.6743
8.57 9.69518
8.58 9.71607
8.59 9.73698
8.6 9.7579
8.61 9.77883
8.62 9.79977
8.63 9.82073
8.64 9.8417
8.65 9.86268
8.66 9.88367
8.67 9.90467
8.68 9.92569
8.69 9.94672
8.7 9.96776
8.71 9.98882
8.72 10.0099
8.73 10.031
8.74 10.052
8.75 10.0732
8.76 10.0943
8.77 10.1154
8.78 10.1365
8.79 10.1577
8.8 10.1788
8.81 10.2
8.82 10.2212
8.83 10.2424
8.84 10.2636
8.85 10.2848
8.86 10.3061
8.87 10.3273
8.88 10.3486
8.89 10.3698
8.9 10.3911
8.91 10.4124
8.92 10.4337
8.93 10.455
8.94 10.4764
8.95 10.4977
8.96 10.5191
8.97 10.5404
8.98 10.5618
8.99 10.5832
9 10.6046
9.01 10.626
9.02 10.6474
9.03 10.6689
9.04 10.6903
9.05 10.7118
9.06 10.7333
9.07 10.7547
9.08 10.7762
9.09 10.7977
9.1 10.8193
9.11 10.8408
9.12 10.8623
9.13 10.8839
9.14 10.9054
9.15 10.927
9.16 10.9486
9.17 10.9702
9.18 10.9918
9.19 11.0134
9.2 11.0351
9.21 11.0567
9.22 11.0784
9.23 11.1
9.24 11.1217
9.25 11.1434
9.26 11.1651
9.27 11.1868
9.28 11.2085
9.29 11.2303
9.3 11.252
9.31 11.2738
9.32 11.2956
9.33 11.3173
9.34 11.3391
9.35 11.3609
9.36 11.3827
9.37 11.4046
9.38 11.4264
9.39 11.4483
9.4 11.4701
9.41 11.492
9.42 11.5139
9.43 11.5358
9.44 11.5577
9.45 11.5796
9.46 11.6015
9.47 11.6235
9.48 11.6454
9.49 11.6674
9.5 11.6893
9.51 11.7113
9.52 11.7333
9.53 11.7553
9.54 11.7773
9.55 11.7994
9.56 11.8214
9.57 11.8434
9.58 11.8655
9.59 11.8876
9.6 11.9097
9.61 11.9318
9.62 11.9539
9.63 11.976
9.64 11.9981
9.65 12.0202
9.66 12.0424
9.67 12.0645
9.68 12.0867
9.69 12.1089
9.7 12.1311
9.71 12.1533
9.72 12.1755
9.73 12.1977
9.74 12.22
9.75 12.2422
9.76 12.2645
9.77 12.2867
9.78 12.309
9.79 12.3313
9.8 12.3536
9.81 12.3759
9.82 12.3982
9.83 12.4206
9.84 12.4429
9.85 12.4653
9.86 12.4876
9.87 12.51
9.88 12.5324
9.89 12.5548
9.9 12.5772
9.91 12.5996
9.92 12.622
9.93 12.6445
9.94 12.6669
9.95 12.6894
9.96 12.7118
9.97 12.7343
9.98 12.7568
9.99 12.7793
10 12.8018
10.01 12.8244
10.02 12.8469
10.03 12.8694
10.04 12.892
10.05 12.9145
10.06 12.9371
10.07 12.9597
10.08 12.9823
10.09 13.0049
10.1 13.0275
10.11 13.0502
10.12 13.0728
10.13 13.0954
10.14 13.1181
10.15 13.1408
10.16 13.1634
10.17 13.1861
10.18 13.2088
10.19 13.2315
10.2 13.2543
10.21 13.277
10.22 13.2997
10.23 13.3225
10.24 13.3453
10.25 13.368
10.26 13.3908
10.27 13.4136
10.28 13.4364
10.29 13.4592
10.3 13.482
10.31 13.5049
10.32 13.5277
10.33 13.5506
10.34 13.5734
10.35 13.5963
10.36 13.6192
10.37 13.6421
10.38 13.665
10.39 13.6879
10.4 13.7108
10.41 13.7338
10.42 13.7567
10.43 13.7797
10.44 13.8026
10.45 13.8256
10.46 13.8486
10.47 13.8716
10.48 13.8946
10.49 13.9176
10.5 13.9406
10.51 13.9637
10.52 13.9867
10.53 14.0098
10.54 14.0328
10.55 14.0559
10.56 14.079
10.57 14.1021
10.58 14.1252
10.59 14.1483
10.6 14.1714
10.61 14.1946
10.62 14.2177
10.63 14.2409
10.64 14.264
10.65 14.2872
10.66 14.3104
10.67 14.3336
10.68 14.3568
10.69 14.38
10.7 14.4032
10.71 14.4264
10.72 14.4497
10.73 14.4729
10.74 14.4962
10.75 14.5195
10.76 14.5428
10.77 14.566
10.78 14.5893
10.79 14.6127
10.8 14.636
10.81 14.6593
10.82 14.6826
10.83 14.706
10.84 14.7294
10.85 14.7527
10.86 14.7761
10.87 14.7995
10.88 14.8229
10.89 14.8463
10.9 14.8697
10.91 14.8931
10.92 14.9166
10.93 14.94
10.94 14.9635
10.95 14.9869
10.96 15.0104
10.97 15.0339
10.98 15.0574
10.99 15.0809
11 15.1044
11.01 15.1279
11.02 15.1515
11.03 15.175
11.04 15.1986
11.05 15.2221
11.06 15.2457
11.07 15.2693
11.08 15.2929
11.09 15.3165
11.1 15.3401
11.11 15.3637
11.12 15.3873
11.13 15.4109
11.14 15.4346
11.15 15.4582
11.16 15.4819
11.17 15.5056
11.18 15.5293
11.19 15.553
11.2 15.5767
11.21 15.6004
11.22 15.6241
11.23 15.6478
11.24 15.6716
11.25 15.6953
11.26 15.7191
11.27 15.7428
11.28 15.7666
11.29 15.7904
11.3 15.8142
11.31 15.838
11.32 15.8618
11.33 15.8856
11.34 15.9095
11.35 15.9333
11.36 15.9571
11.37 15.981
11.38 16.0049
11.39 16.0287
11.4 16.0526
11.41 16.0765
11.42 16.1004
11.43 16.1243
11.44 16.1483
11.45 16.1722
11.46 16.1961
11.47 16.2201
11.48 16.2441
11.49 16.268
11.5 16.292
11.51 16.316
11.52 16.34
11.53 16.364
11.54 16.388
11.55 16.412
11.56 16.4361
11.57 16.4601
11.58 16.4841
11.59 16.5082
11.6 16.5323
11.61 16.5564
11.62 16.5804
11.63 16.6045
11.64 16.6286
11.65 16.6528
11.66 16.6769
11.67 16.701
11.68 16.7251
11.69 16.7493
11.7 16.7735
11.71 16.7976
11.72 16.8218
11.73 16.846
11.74 16.8702
11.75 16.8944
11.76 16.9186
11.77 16.9428
11.78 16.967
11.79 16.9913
11.8 17.0155
11.81 17.0398
11.82 17.064
11.83 17.0883
11.84 17.1126
11.85 17.1369
11.86 17.1612
11.87 17.1855
11.88 17.2098
11.89 17.2341
11.9 17.2585
11.91 17.2828
11.92 17.3072
11.93 17.3315
11.94 17.3559
11.95 17.3803
11.96 17.4047
11.97 17.4291
11.98 17.4535
11.99 17.4779
12 17.5023
12.01 17.5267
12.02 17.5512
12.03 17.5756
12.04 17.6001
12.05 17.6245
12.06 17.649
12.07 17.6735
12.08 17.698
12.09 17.7225
12.1 17.747
12.11 17.7715
12.12 17.7961
12.13 17.8206
12.14 17.8451
12.15 17.8697
12.16 17.8942
12.17 17.9188
12.18 17.9434
12.19 17.968
12.2 17.9926
12.21 18.0172
12.22 18.0418
12.23 18.0664
12.24 18.091
12.25 18.1157
12.26 18.1403
12.27 18.165
12.28 18.1896
12.29 18.2143
12.3 18.239
12.31 18.2637
12.32 18.2884
12.33 18.3131
12.34 18.3378
12.35 18.3625
12.36 18.3872
12.37 18.412
12.38 18.4367
12.39 18.4615
12.4 18.4862
12.41 18.511
12.42 18.5358
12.43 18.5606
12.44 18.5854
12.45 18.6102
12.46 18.635
12.47 18.6598
12.48 18.6847
12.49 18.7095
12.5 18.7343
12.51 18.7592
12.52 18.7841
12.53 18.8089
12.54 18.8338
12.55 18.8587
12.56 18.8836
12.57 18.9085
12.58 18.9334
12.59 18.9584
12.6 18.9833
12.61 19.0082
12.62 19.0332
12.63 19.0581
12.64 19.0831
12.65 19.1081
12.66 19.133
12.67 19.158
12.68 19.183
12.69 19.208
12.7 19.233
12.71 19.2581
12.72 19.2831
12.73 19.3081
12.74 19.3332
12.75 19.3582
12.76 19.3833
12.77 19.4084
12.78 19.4334
12.79 19.4585
12.8 19.4836
12.81 19.5087
12.82 19.5338
12.83 19.559
12.84 19.5841
12.85 19.6092
12.86 19.6344
12.87 19.6595
12.88 19.6847
12.89 19.7098
12.9 19.735
12.91 19.7602
12.92 19.7854
12.93 19.8106
12.94 19.8358
12.95 19.861
12.96 19.8862
12.97 19.9115
12.98 19.9367
12.99 19.962
13 19.9872
13.01 20.0125
13.02 20.0378
13.03 20.063
13.04 20.0883
13.05 20.1136
13.06 20.1389
13.07 20.1642
13.08 20.1895
13.09 20.2149
13.1 20.2402
13.11 20.2656
13.12 20.2909
13.13 20.3163
13.14 20.3416
13.15 20.367
13.16 20.3924
13.17 20.4178
13.18 20.4432
13.19 20.4686
13.2 20.494
13.21 20.5194
13.22 20.5449
13.23 20.5703
13.24 20.5957
13.25 20.6212
13.26 20.6467
13.27 20.6721
13.28 20.6976
13.29 20.7231
13.3 20.7486
13.31 20.7741
13.32 20.7996
13.33 20.8251
13.34 20.8506
13.35 20.8762
13.36 20.9017
13.37 20.9273
13.38 20.9528
13.39 20.9784
13.4 21.0039
13.41 21.0295
13.42 21.0551
13.43 21.0807
13.44 21.1063
13.45 21.1319
13.46 21.1575
13.47 21.1832
13.48 21.2088
13.49 21.2344
13.5 21.2601
13.51 21.2857
13.52 21.3114
13.53 21.3371
13.54 21.3627
13.55 21.3884
13.56 21.4141
13.57 21.4398
13.58 21.4655
13.59 21.4913
13.6 21.517
13.61 21.5427
13.62 21.5685
13.63 21.5942
13.64 21.62
13.65 21.6457
13.66 21.6715
13.67 21.6973
13.68 21.7231
13.69 21.7488
13.7 21.7746
13.71 21.8005
13.72 21.8263
13.73 21.8521
13.74 21.8779
13.75 21.9038
13.76 21.9296
13.77 21.9555
13.78 21.9813
13.79 22.0072
13.8 22.0331
13.81 22.059
13.82 22.0848
13.83 22.1107
13.84 22.1366
13.85 22.1626
13.86 22.1885
13.87 22.2144
13.88 22.2403
13.89 22.2663
13.9 22.2922
13.91 22.3182
13.92 22.3442
13.93 22.3701
13.94 22.3961
13.95 22.4221
13.96 22.4481
13.97 22.4741
13.98 22.5001
13.99 22.5261
14 22.5522
14.01 22.5782
14.02 22.6042
14.03 22.6303
14.04 22.6563
14.05 22.6824
14.06 22.7085
14.07 22.7345
14.08 22.7606
14.09 22.7867
14.1 22.8128
14.11 22.8389
14.12 22.865
14.13 22.8912
14.14 22.9173
14.15 22.9434
14.16 22.9696
14.17 22.9957
14.18 23.0219
14.19 23.048
14.2 23.0742
14.21 23.1004
14.22 23.1266
14.23 23.1528
14.24 23.179
14.25 23.2052
14.26 23.2314
14.27 23.2576
14.28 23.2839
14.29 23.3101
14.3 23.3363
14.31 23.3626
14.32 23.3889
14.33 23.4151
14.34 23.4414
14.35 23.4677
14.36 23.494
14.37 23.5203
14.38 23.5466
14.39 23.5729
14.4 23.5992
14.41 23.6255
14.42 23.6519
14.43 23.6782
14.44 23.7045
14.45 23.7309
14.46 23.7573
14.47 23.7836
14.48 23.81
14.49 23.8364
14.5 23.8628
14.51 23.8892
14.52 23.9156
14.53 23.942
14.54 23.9684
14.55 23.9948
14.56 24.0213
14.57 24.0477
14.58 24.0741
14.59 24.1006
14.6 24.127
14.61 24.1535
14.62 24.18
14.63 24.2065
14.64 24.233
14.65 24.2595
14.66 24.286
14.67 24.3125
14.68 24.339
14.69 24.3655
14.7 24.392
14.71 24.4186
14.72 24.4451
14.73 24.4717
14.74 24.4982
14.75 24.5248
14.76 24.5514
14.77 24.578
14.78 24.6045
14.79 24.6311
14.8 24.6577
14.81 24.6843
14.82 24.711
14.83 24.7376
14.84 24.7642
14.85 24.7908
14.86 24.8175
14.87 24.8441
14.88 24.8708
14.89 24.8975
14.9 24.9241
14.91 24.9508
14.92 24.9775
14.93 25.0042
14.94 25.0309
14.95 25.0576
14.96 25.0843
14.97 25.111
14.98 25.1377
14.99 25.1645
15 25.1912
15.01 25.218
15.02 25.2447
15.03 25.2715
15.04 25.2983
15.05 25.325
15.06 25.3518
15.07 25.3786
15.08 25.4054
15.09 25.4322
15.1 25.459
15.11 25.4858
15.12 25.5126
15.13 25.5395
15.14 25.5663
15.15 25.5931
15.16 25.62
15.17 25.6469
15.18 25.6737
15.19 25.7006
15.2 25.7275
15.21 25.7543
15.22 25.7812
15.23 25.8081
15.24 25.835
15.25 25.8619
15.26 25.8889
15.27 25.9158
15.28 25.9427
15.29 25.9697
15.3 25.9966
15.31 26.0236
15.32 26.0505
15.33 26.0775
15.34 26.1045
15.35 26.1314
15.36 26.1584
15.37 26.1854
15.38 26.2124
15.39 26.2394
15.4 26.2664
15.41 26.2934
15.42 26.3205
15.43 26.3475
15.44 26.3745
15.45 26.4016
15.46 26.4286
15.47 26.4557
15.48 26.4828
15.49 26.5098
15.5 26.5369
15.51 26.564
15.52 26.5911
15.53 26.6182
15.54 26.6453
15.55 26.6724
15.56 26.6995
15.57 26.7267
15.58 26.7538
15.59 26.7809
15.6 26.8081
15.61 26.8352
15.62 26.8624
15.63 26.8895
15.64 26.9167
15.65 26.9439
15.66 26.9711
15.67 26.9983
15.68 27.0255
15.69 27.0527
15.7 27.0799
15.71 27.1071
15.72 27.1343
15.73 27.1616
15.74 27.1888
15.75 27.216
15.76 27.2433
15.77 27.2706
15.78 27.2978
15.79 27.3251
15.8 27.3524
15.81 27.3796
15.82 27.4069
15.83 27.4342
15.84 27.4615
15.85 27.4888
15.86 27.5162
15.87 27.5435
15.88 27.5708
15.89 27.5982
15.9 27.6255
15.91 27.6528
15.92 27.6802
15.93 27.7076
15.94 27.7349
15.95 27.7623
15.96 27.7897
15.97 27.8171
15.98 27.8445
15.99 27.8719
16 27.8993
16.01 27.9267
16.02 27.9541
16.03 27.9815
16.04 28.009
16.05 28.0364
16.06 28.0638
16.07 28.0913
16.08 28.1188
16.09 28.1462
16.1 28.1737
16.11 28.2012
16.12 28.2287
16.13 28.2561
16.14 28.2836
16.15 28.3111
16.16 28.3387
16.17 28.3662
16.18 28.3937
16.19 28.4212
16.2 28.4488
16.21 28.4763
16.22 28.5038
16.23 28.5314
16.24 28.559
16.25 28.5865
16.26 28.6141
16.27 28.6417
16.28 28.6693
16.29 28.6969
16.3 28.7245
16.31 28.7521
16.32 28.7797
16.33 28.8073
16.34 28.8349
16.35 28.8625
16.36 28.8902
16.37 28.9178
16.38 28.9455
16.39 28.9731
16.4 29.0008
16.41 29.0285
16.42 29.0561
16.43 29.0838
16.44 29.1115
16.45 29.1392
16.46 29.1669
16.47 29.1946
16.48 29.2223
16.49 29.25
16.5 29.2778
16.51 29.3055
16.52 29.3332
16.53 29.361
16.54 29.3887
16.55 29.4165
16.56 29.4442
16.57 29.472
16.58 29.4998
16.59 29.5276
16.6 29.5553
16.61 29.5831
16.62 29.6109
16.63 29.6387
16.64 29.6666
16.65 29.6944
16.66 29.7222
16.67 29.75
16.68 29.7779
16.69 29.8057
16.7 29.8335
16.71 29.8614
16.72 29.8893
16.73 29.9171
16.74 29.945
16.75 29.9729
16.76 30.0008
16.77 30.0287
16.78 30.0566
16.79 30.0845
16.8 30.1124
16.81 30.1403
16.82 30.1682
16.83 30.1961
16.84 30.2241
16.85 30.252
16.86 30.28
16.87 30.3079
16.88 30.3359
16.89 30.3638
16.9 30.3918
16.91 30.4198
16.92 30.4478
16.93 30.4758
16.94 30.5038
16.95 30.5318
16.96 30.5598
16.97 30.5878
16.98 30.6158
16.99 30.6438
17 30.6719
17.01 30.6999
17.02 30.7279
17.03 30.756
17.04 30.784
17.05 30.8121
17.06 30.8402
17.07 30.8683
17.08 30.8963
17.09 30.9244
17.1 30.9525
17.11 30.9806
17.12 31.0087
17.13 31.0368
17.14 31.0649
17.15 31.0931
17.16 31.1212
17.17 31.1493
17.18 31.1775
17.19 31.2056
17.2 31.2338
17.21 31.2619
17.22 31.2901
17.23 31.3183
17.24 31.3464
17.25 31.3746
17.26 31.4028
17.27 31.431
17.28 31.4592
17.29 31.4874
17.3 31.5156
17.31 31.5438
17.32 31.5721
17.33 31.6003
17.34 31.6285
17.35 31.6568
17.36 31.685
17.37 31.7133
17.38 31.7415
17.39 31.7698
17.4 31.7981
17.41 31.8264
17.42 31.8546
17.43 31.8829
17.44 31.9112
17.45 31.9395
17.46 31.9678
17.47 31.9961
17.48 32.0245
17.49 32.0528
17.5 32.0811
17.51 32.1095
17.52 32.1378
17.53 32.1661
17.54 32.1945
17.55 32.2229
17.56 32.2512
17.57 32.2796
17.58 32.308
17.59 32.3364
17.6 32.3647
17.61 32.3931
17.62 32.4215
17.63 32.4499
17.64 32.4784
17.65 32.5068
17.66 32.5352
17.67 32.5636
17.68 32.5921
17.69 32.6205
17.7 32.649
17.71 32.6774
17.72 32.7059
17.73 32.7343
17.74 32.7628
17.75 32.7913
17.76 32.8198
17.77 32.8483
17.78 32.8767
17.79 32.9052
17.8 32.9338
17.81 32.9623
17.82 32.9908
17.83 33.0193
17.84 33.0478
17.85 33.0764
17.86 33.1049
17.87 33.1335
17.88 33.162
17.89 33.1906
17.9 33.2191
17.91 33.2477
17.92 33.2763
17.93 33.3049
17.94 33.3334
17.95 33.362
17.96 33.3906
17.97 33.4192
17.98 33.4478
17.99 33.4765
18 33.5051
18.01 33.5337
18.02 33.5623
18.03 33.591
18.04 33.6196
18.05 33.6483
18.06 33.6769
18.07 33.7056
18.08 33.7342
18.09 33.7629
18.1 33.7916
18.11 33.8203
18.12 33.849
18.13 33.8777
18.14 33.9064
18.15 33.9351
18.16 33.9638
18.17 33.9925
18.18 34.0212
18.19 34.0499
18.2 34.0787
18.21 34.1074
18.22 34.1362
18.23 34.1649
18.24 34.1937
18.25 34.2224
18.26 34.2512
18.27 34.28
18.28 34.3088
18.29 34.3375
18.3 34.3663
18.31 34.3951
18.32 34.4239
18.33 34.4527
18.34 34.4815
18.35 34.5104
18.36 34.5392
18.37 34.568
18.38 34.5969
18.39 34.6257
18.4 34.6545
18.41 34.6834
18.42 34.7123
18.43 34.7411
18.44 34.77
18.45 34.7989
18.46 34.8277
18.47 34.8566
18.48 34.8855
18.49 34.9144
18.5 34.9433
18.51 34.9722
18.52 35.0011
18.53 35.0301
18.54 35.059
18.55 35.0879
18.56 35.1168
18.57 35.1458
18.58 35.1747
18.59 35.2037
18.6 35.2326
18.61 35.2616
18.62 35.2906
18.63 35.3195
18.64 35.3485
18.65 35.3775
18.66 35.4065
18.67 35.4355
18.68 35.4645
18.69 35.4935
18.7 35.5225
18.71 35.5515
18.72 35.5806
18.73 35.6096
18.74 35.6386
18.75 35.6677
18.76 35.6967
18.77 35.7258
18.78 35.7548
18.79 35.7839
18.8 35.813
18.81 35.842
18.82 35.8711
18.83 35.9002
18.84 35.9293
18.85 35.9584
18.86 35.9875
18.87 36.0166
18.88 36.0457
18.89 36.0748
18.9 36.1039
18.91 36.1331
18.92 36.1622
18.93 36.1913
18.94 36.2205
18.95 36.2496
18.96 36.2788
18.97 36.3079
18.98 36.3371
18.99 36.3663
19 36.3954
19.01 36.4246
19.02 36.4538
19.03 36.483
19.04 36.5122
19.05 36.5414
19.06 36.5706
19.07 36.5998
19.08 36.629
19.09 36.6583
19.1 36.6875
19.11 36.7167
19.12 36.746
19.13 36.7752
19.14 36.8045
19.15 36.8337
19.16 36.863
19.17 36.8923
19.18 36.9215
19.19 36.9508
19.2 36.9801
19.21 37.0094
19.22 37.0387
19.23 37.068
19.24 37.0973
19.25 37.1266
19.26 37.1559
19.27 37.1852
19.28 37.2146
19.29 37.2439
19.3 37.2732
19.31 37.3026
19.32 37.3319
19.33 37.3613
19.34 37.3906
19.35 37.42
19.36 37.4494
19.37 37.4787
19.38 37.5081
19.39 37.5375
19.4 37.5669
19.41 37.5963
19.42 37.6257
19.43 37.6551
19.44 37.6845
19.45 37.7139
19.46 37.7433
19.47 37.7728
19.48 37.8022
19.49 37.8316
19.5 37.8611
19.51 37.8905
19.52 37.92
19.53 37.9494
19.54 37.9789
19.55 38.0084
19.56 38.0379
19.57 38.0673
19.58 38.0968
19.59 38.1263
19.6 38.1558
19.61 38.1853
19.62 38.2148
19.63 38.2443
19.64 38.2738
19.65 38.3034
19.66 38.3329
19.67 38.3624
19.68 38.392
19.69 38.4215
19.7 38.451
19.71 38.4806
19.72 38.5102
19.73 38.5397
19.74 38.5693
19.75 38.5989
19.76 38.6284
19.77 38.658
19.78 38.6876
19.79 38.7172
19.8 38.7468
19.81 38.7764
19.82 38.806
19.83 38.8356
19.84 38.8653
19.85 38.8949
19.86 38.9245
19.87 38.9542
19.88 38.9838
19.89 39.0134
19.9 39.0431
19.91 39.0727
19.92 39.1024
19.93 39.1321
19.94 39.1617
19.95 39.1914
19.96 39.2211
19.97 39.2508
19.98 39.2805
19.99 39.3102
