0 -1.1307726302601886
0.0031415 -1.1286699272755465
0.006283 -1.1265544160992935
0.0094245 -1.1244261830182056
0.012566 -1.1222853147136251
0.0157075 -1.1201318982554416
0.018849 -1.1179660210960456
0.021990500000000003 -1.1157877710642758
0.025132 -1.113597236359336
0.0282735 -1.1113945055447063
0.031415 -1.10917966754203
0.034556500000000004 -1.1069528116249883
0.037698 -1.1047140274131602
0.0408395 -1.102463404865864
0.043981000000000006 -1.1002010342759887
0.047122500000000005 -1.0979270062638107
0.050264 -1.095641411770796
0.0534055 -1.093344342053391
0.056547 -1.091035888676801
0.059688500000000005 -1.0887161435087587
0.06283 -1.086385198713281
0.0659715 -1.084043146744414
0.06911300000000001 -1.0816900803399716
0.0722545 -1.0793260925152617
0.075396 -1.0769512765568083
0.07853750000000001 -1.07456572601606
0.081679 -1.0721695347030953
0.08482050000000001 -1.069762796680321
0.08796200000000001 -1.0673456062561606
0.0911035 -1.0649180579787425
0.09424500000000001 -1.062480246629579
0.0973865 -1.0600322672172413
0.100528 -1.0575742149710325
0.10366950000000001 -1.0551061853346553
0.106811 -1.0526282739598758
0.10995250000000001 -1.050140576700191
0.113094 -1.0476431896044849
0.1162355 -1.0451362089106921
0.11937700000000001 -1.0426197310394556
0.1225185 -1.0400938525877867
0.12566 -1.0375586703227244
0.1288015 -1.0350142811749965
0.131943 -1.0324607822326821
0.1350845 -1.0298982707348747
0.13822600000000002 -1.0273268440653502
0.1413675 -1.024746599746238
0.144509 -1.0221576354316915
0.14765050000000002 -1.0195600489015704
0.150792 -1.0169539380551205
0.1539335 -1.0143394009046625
0.15707500000000002 -1.0117165355692865
0.1602165 -1.0090854402685525
0.163358 -1.0064462133161964
0.16649950000000002 -1.003798953113847
0.16964100000000001 -1.0011437581447449
0.1727825 -0.9984807269674776
0.17592400000000002 -0.9958099582097171
0.17906550000000002 -0.9931315505619702
0.182207 -0.9904456027713376
0.1853485 -0.9877522136352838
0.18849000000000002 -0.9850514819954201
0.1916315 -0.9823435067312946
0.194773 -0.9796283867541986
0.19791450000000002 -0.9769062210009829
0.201056 -0.9741771084278883
0.2041975 -0.9714411480043894
0.20733900000000002 -0.9686984387070529
0.21048050000000001 -0.9659490795134089
0.213622 -0.9631931693958381
0.21676350000000003 -0.9604308073154758
0.21990500000000002 -0.9576620922161295
0.2230465 -0.9548871230182132
0.226188 -0.9521059986127018
0.22932950000000002 -0.9493188178550982
0.232471 -0.9465256795594214
0.2356125 -0.9437266824922115
0.23875400000000002 -0.9409219253665547
0.2418955 -0.9381115068361262
0.245037 -0.9352955254892524
0.24817850000000002 -0.932474079842996
0.25132 -0.9296472683372579
0.2544615 -0.9268151893289025
0.257603 -0.9239779410859046
0.2607445 -0.9211356217815161
0.263886 -0.9182883294884575
0.26702750000000003 -0.9154361621731288
0.270169 -0.9125792176898493
0.2733105 -0.9097175937751126
0.27645200000000003 -0.906851388041874
0.2795935 -0.9039806979738573
0.282735 -0.9011056209198871
0.28587650000000003 -0.8982262540882471
0.289018 -0.8953426945410637
0.2921595 -0.8924550391887157
0.29530100000000004 -0.8895633847842702
0.2984425 -0.8866678279179457
0.301584 -0.8837684650116
0.30472550000000004 -0.8808653923132502
0.307867 -0.877958705891617
0.3110085 -0.8750485016306966
0.31415000000000004 -0.8721348752243651
0.3172915 -0.8692179221710084
0.320433 -0.8662977377681826
0.32357450000000004 -0.8633744171073048
0.326716 -0.8604480550683723
0.3298575 -0.8575187463147146
0.33299900000000004 -0.8545865852877722
0.3361405 -0.8516516662019125
0.33928200000000003 -0.8487140830392697
0.34242350000000005 -0.845773929544623
0.345565 -0.8428312992203034
0.34870650000000003 -0.8398862853211315
0.35184800000000005 -0.8369389808493937
0.3549895 -0.8339894785498438
0.35813100000000003 -0.8310378709047446
0.3612725 -0.8280842501289384
0.364414 -0.8251287081649532
0.36755550000000003 -0.8221713366781443
0.370697 -0.8192122270518678
0.3738385 -0.8162514703826893
0.37698000000000004 -0.8132891574756298
0.3801215 -0.8103253788394457
0.383263 -0.8073602246819402
0.38640450000000004 -0.80439378490532
0.389546 -0.8014261491015762
0.3926875 -0.7984574065479124
0.39582900000000004 -0.7954876462022014
0.3989705 -0.7925169566984823
0.402112 -0.7895454263424952
0.40525350000000004 -0.7865731431072503
0.408395 -0.7836001946286373
0.4115365 -0.7806266682010697
0.41467800000000005 -0.77765265077317
0.4178195 -0.7746782289434921
0.42096100000000003 -0.7717034889562784
0.42410250000000005 -0.7687285166972617
0.427244 -0.7657533976895015
0.43038550000000003 -0.7627782170892587
0.43352700000000005 -0.7598030596819141
0.4366685 -0.75682800987792
0.43981000000000003 -0.7538531517087959
0.44295150000000005 -0.7508785688231615
0.446093 -0.7479043444828115
0.44923450000000004 -0.7449305615588273
0.452376 -0.7419573025277314
0.4555175 -0.7389846494676814
0.45865900000000004 -0.736012684054704
0.4618005 -0.7330414875589698
0.464942 -0.7300711408411085
0.46808350000000004 -0.727101724348566
0.471225 -0.724133318112001
0.4743665 -0.7211660017417233
0.47750800000000004 -0.7181998544241741
0.4806495 -0.7152349549184464
0.483791 -0.7122713815528466
0.48693250000000005 -0.7093092122214999
0.490074 -0.7063485243809946
0.49321550000000003 -0.7033893950470694
0.49635700000000005 -0.7004319007913433
0.4994985 -0.6974761177380852
0.50264 -0.6945221215610279
0.5057815 -0.6915699874802226
0.508923 -0.6886197902589359
0.5120645 -0.6856716042005894
0.515206 -0.6827255031457413
0.5183475000000001 -0.67978156046911
0.521489 -0.6768398490766414
0.5246305 -0.6739004414026147
0.527772 -0.6709634094067977
0.5309135 -0.6680288245716371
0.5340550000000001 -0.665096757899497
0.5371965000000001 -0.6621672799099362
0.540338 -0.65924046063703
0.5434795 -0.6563163696267349
0.546621 -0.6533950759342935
0.5497625 -0.6504766481216866
0.5529040000000001 -0.6475611542551228
0.5560455000000001 -0.6446486619025737
0.559187 -0.6417392381313518
0.5623285 -0.6388329495057301
0.56547 -0.6359298620846049
0.5686115 -0.6330300414191998
0.5717530000000001 -0.6301335525508154
0.5748945000000001 -0.6272404600086194
0.578036 -0.624350827807478
0.5811775 -0.6214647194458334
0.584319 -0.6185821979036212
0.5874605 -0.6157033256402298
0.5906020000000001 -0.6128281645925052
0.5937435000000001 -0.6099567761727954
0.596885 -0.607089221267038
0.6000265 -0.6042255602328904
0.603168 -0.6013658528979009
0.6063095000000001 -0.5985101585577246
0.6094510000000001 -0.5956585359743785
0.6125925 -0.5928110433745415
0.615734 -0.589967738447891
0.6188755 -0.5871286783454897
0.622017 -0.5842939196782063
0.6251585000000001 -0.5814635185151822
0.6283000000000001 -0.5786375303823392
0.6314415 -0.5758160102609261
0.634583 -0.5729990125861117
0.6377245 -0.5701865912456137
0.640866 -0.5673787995783726
0.6440075000000001 -0.5645756903732658
0.6471490000000001 -0.5617773158678602
0.6502905 -0.5589837277472098
0.653432 -0.5561949771426906
0.6565735 -0.5534111146308786
0.659715 -0.5506321902324672
0.6628565000000001 -0.5478582534112227
0.6659980000000001 -0.5450893530729851
0.6691395 -0.5423255375647048
0.672281 -0.53956685467352
0.6754225 -0.5368133516258772
0.6785640000000001 -0.5340650750866847
0.6817055000000001 -0.531322071158513
0.6848470000000001 -0.5285843853808302
0.6879885 -0.5258520627292773
0.69113 -0.5231251476149824
0.6942715 -0.5204036838839158
0.6974130000000001 -0.5176877148162808
0.7005545000000001 -0.514977283125946
0.7036960000000001 -0.5122724309599143
0.7068375 -0.5095731998978285
0.709979 -0.5068796309515199
0.7131205 -0.5041917645645899
0.7162620000000001 -0.5015096406120317
0.7194035000000001 -0.4988332983998891
0.722545 -0.49616277666495273
0.7256865 -0.49349811357449247
0.728828 -0.49083934672602736
0.7319695 -0.4881865131471351
0.7351110000000001 -0.4855396492952923
0.7382525000000001 -0.4828987910577556
0.741394 -0.4802639737514785
0.7445355 -0.477635232123062
0.747677 -0.4750126003487432
0.7508185 -0.4723961120344189
0.7539600000000001 -0.46978580021570293
0.7571015000000001 -0.46718169735802134
0.760243 -0.4645838353567405
0.7633845 -0.4619922455373302
0.766526 -0.4594069586555628
0.7696675000000001 -0.4568280048977445
0.7728090000000001 -0.45425541388098134
0.7759505000000001 -0.4516892146534807
0.779092 -0.449129435694884
0.7822335 -0.4465761049166328
0.785375 -0.44402924966237256
0.7885165000000001 -0.44148889670838115
0.7916580000000001 -0.4389550722640388
0.7947995000000001 -0.43642780197232517
0.797941 -0.4339071109103477
0.8010825 -0.43139302358990844
0.804224 -0.4288855639580947
0.8073655000000001 -0.4263847553979072
0.8105070000000001 -0.42389062072891626
0.8136485 -0.42140318220795037
0.81679 -0.4189224615298151
0.8199315 -0.4164484798280414
0.823073 -0.4139812576756689
0.8262145000000001 -0.4115208150860523
0.8293560000000001 -0.40906717151370264
0.8324975 -0.406620345855157
0.835639 -0.40418035644987604
0.8387805 -0.40174722108117344
0.8419220000000001 -0.39932095697717035
0.8450635000000001 -0.3969015808117816
0.8482050000000001 -0.3944891087057303
0.8513465 -0.3920835562275865
0.854488 -0.38968493839483953
0.8576295 -0.3872932696749929
0.8607710000000001 -0.38490856398668905
0.8639125000000001 -0.3825308347008604
0.8670540000000001 -0.380160094641908
0.8701955 -0.3777963560889056
0.873337 -0.37543963077682985
0.8764785 -0.37308992989781825
0.8796200000000001 -0.3707472641024505
0.8827615000000001 -0.368411643501058
0.8859030000000001 -0.36608307766505666
0.8890445 -0.3637615756283037
0.892186 -0.3614471458884817
0.8953275 -0.3591397964085078
0.8984690000000001 -0.3568395346179628
0.9016105000000001 -0.35454636741454754
0.904752 -0.35226030116556256
0.9078935 -0.34998134170941037
0.911035 -0.3477094943571211
0.9141765000000001 -0.3454447638939025
0.9173180000000001 -0.34318715458070986
0.9204595000000001 -0.3409366701558397
0.923601 -0.33869331383654716
0.9267425 -0.336457088320682
0.929884 -0.33422799578834894
0.9330255000000001 -0.3320060379035879
0.9361670000000001 -0.3297912158160755
0.9393085000000001 -0.3275835301628486
0.94245 -0.32538298107004565
0.9455915 -0.3231895681546725
0.948733 -0.3210032905263831
0.9518745000000001 -0.3188241467892845
0.9550160000000001 -0.3166521350437595
0.9581575000000001 -0.3144872528883074
0.961299 -0.31232949742140753
0.9644405 -0.3101788652433964
0.967582 -0.30803535245836683
0.9707235000000001 -0.3058989546760854
0.9738650000000001 -0.30376966701392666
0.9770065000000001 -0.3016474840988249
0.980148 -0.2995324000692439
0.9832895 -0.29742440857716534
0.9864310000000001 -0.29532350279009106
0.9895725000000001 -0.29322967539306544
0.9927140000000001 -0.2911429185907116
0.9958555000000001 -0.28906322410928625
0.998997 -0.2869905831987477
1.0021385 -0.28492498663484217
1.00528 -0.2828664247212054
1.0084215 -0.2808148872914772
1.011563 -0.2787703637114332
1.0147045000000001 -0.276732842881132
1.017846 -0.27470231323707506
1.0209875000000002 -0.27267876275438035
1.024129 -0.2706621789489734
1.0272705 -0.26865254887978873
1.030412 -0.2666498591509867
1.0335535 -0.26465409591418376
1.0366950000000001 -0.26266524487069454
1.0398365 -0.26068329127378886
1.042978 -0.25870821993095927
1.0461195 -0.25674001520620293
1.049261 -0.2547786610223152
1.0524025000000001 -0.25282414086319266
1.055544 -0.2508764377761534
1.0586855000000002 -0.2489355343742638
1.061827 -0.24700141283867896
1.0649685 -0.24507405492099418
1.0681100000000001 -0.24315344194560629
1.0712515 -0.24123955481208723
1.0743930000000002 -0.23933237399756652
1.0775345 -0.23743187955912634
1.080676 -0.23553805113620274
1.0838175 -0.23365086795300144
1.086959 -0.23177030882091929
1.0901005000000001 -0.22989635214097778
1.093242 -0.2280289759062646
1.0963835000000002 -0.22616815770438373
1.099525 -0.22431387471991648
1.1026665 -0.2224661037368882
1.1058080000000001 -0.22062482114124649
1.1089495 -0.21879000292334572
1.1120910000000002 -0.21696162468043934
1.1152325 -0.21513966161918183
1.118374 -0.2133240885581363
1.1215155 -0.2115148799302914
1.124657 -0.20971200978558402
1.1277985000000001 -0.20791545179343088
1.13094 -0.20612517924526438
1.1340815 -0.20434116505707792
1.137223 -0.20256338177197686
1.1403645 -0.20079180156273413
1.1435060000000001 -0.19902639623435592
1.1466475 -0.19726713722664904
1.1497890000000002 -0.19551399561679741
1.1529305 -0.1937669421219436
1.156072 -0.19202594710177376
1.1592135000000001 -0.19029098056111116
1.162355 -0.1885620121525129
1.1654965000000002 -0.18683901117887305
1.168638 -0.1851219465960278
1.1717795 -0.18341078701537017
1.174921 -0.1817055007064643
1.1780625 -0.18000605559966912
1.1812040000000001 -0.1783124192887602
1.1843455 -0.17662455903356322
1.1874870000000002 -0.17494244176258442
1.1906285 -0.17326603407564964
1.19377 -0.17159530224654546
1.1969115000000001 -0.16993021222566312
1.200053 -0.16827072964264753
1.2031945000000002 -0.16661681980904813
1.206336 -0.16496844772097563
1.2094775 -0.16332557806175607
1.2126190000000001 -0.1616881752045954
1.2157605 -0.16005620321524064
1.2189020000000002 -0.15842962585464665
1.2220435 -0.15680840658164671
1.225185 -0.15519250855561997
1.2283265 -0.15358189463916905
1.231468 -0.15197652740079262
1.2346095000000001 -0.15037636911756624
1.237751 -0.14878138177781886
1.2408925000000002 -0.14719152708381777
1.244034 -0.14560676645445028
1.2471755 -0.1440270610279094
1.2503170000000001 -0.14245237166437982
1.2534585 -0.14088265894872853
1.2566000000000002 -0.13931788319319094
1.2597415 -0.13775800444006425
1.262883 -0.13620298246439858
1.2660245 -0.13465277677669069
1.269166 -0.13310734662557758
1.2723075000000001 -0.13156665100053055
1.275449 -0.13003064863455394
1.2785905000000002 -0.12849929800687726
1.281732 -0.126972557345658
1.2848735 -0.12545038463067482
1.2880150000000001 -0.1239327375960266
1.2911565 -0.12241957373283427
1.2942980000000002 -0.12091085029193599
1.2974395 -0.11940652428658871
1.300581 -0.11790655249516838
1.3037225000000001 -0.11641089146386688
1.306864 -0.11491949750939534
1.3100055000000002 -0.11343232672168002
1.313147 -0.1119493349665667
1.3162885 -0.11047047788851588
1.31943 -0.10899571091330512
1.3225715 -0.10752498925072865
1.3257130000000001 -0.10605826789729311
1.3288545 -0.10459550163892017
1.3319960000000002 -0.10313664505364198
1.3351375 -0.10168165251430133
1.338279 -0.10023047819124736
1.3414205000000001 -0.09878307605503206
1.344562 -0.09733939987910994
1.3477035000000002 -0.09589940324252999
1.350845 -0.09446303953263258
1.3539865 -0.093030261947744
1.3571280000000001 -0.0916010234998697
1.3602695 -0.09017527701738842
1.3634110000000002 -0.08875297514774239
1.3665525 -0.08733407036013108
1.3696940000000002 -0.08591851494820019
1.3728355 -0.08450626103273179
1.375977 -0.08309726056433558
1.3791185000000001 -0.08169146532613131
1.38226 -0.08028882693644185
1.3854015000000002 -0.07888929685147639
1.388543 -0.07749282636801452
1.3916845 -0.0760993666260949
1.3948260000000001 -0.07470886861169224
1.3979675 -0.07332128315940445
1.4011090000000002 -0.07193656095513151
1.4042505 -0.07055465253875609
1.4073920000000002 -0.06917550830682329
1.4105335 -0.06779907851521666
1.413675 -0.06642531328183837
1.4168165000000001 -0.0650541625892816
1.419958 -0.06368557628750804
1.4230995000000002 -0.06231950409652065
1.426241 -0.06095589560903597
1.4293825 -0.059594700293157166
1.4325240000000001 -0.05823586749504284
1.4356655 -0.05687934644157733
1.4388070000000002 -0.05552508624304009
1.4419485 -0.05417303589577149
1.44509 -0.05282314428484047
1.4482315000000001 -0.05147536018670862
1.451373 -0.0501296322718956
1.4545145000000002 -0.04878590910764208
1.457656 -0.04744413916057211
1.4607975000000002 -0.046104270799353086
1.463939 -0.04476625229735842
1.4670805 -0.04343003183532412
1.4702220000000001 -0.042095557504009895
1.4733635 -0.04076277730685485
1.4765050000000002 -0.03943163916263315
1.4796465 -0.03810209090811284
1.482788 -0.03677408030070661
1.4859295000000001 -0.03544755502112901
1.489071 -0.03412246267604724
1.4922125000000002 -0.03279875080073402
1.495354 -0.03147636686171901
1.4984955000000002 -0.030155258259439655
1.501637 -0.028835372330890674
1.5047785 -0.027516656352273516
1.5079200000000001 -0.0261990575416442
1.5110615 -0.024882523061561523
1.5142030000000002 -0.02356700002173412
1.5173445 -0.022252435481666777
1.520486 -0.020938776453306385
1.5236275000000001 -0.019625969903686813
1.526769 -0.018313962757575408
1.5299105000000002 -0.017002701900113326
1.533052 -0.01569213417946541
1.5361935 -0.014382206409457143
1.5393350000000001 -0.013072865372220965
1.5424765 -0.011764057820839668
1.5456180000000002 -0.010455730481985226
1.5487595 -0.00914783005856401
1.5519010000000002 -0.007840303232355239
1.5550425 -0.006533096666655802
1.558184 -0.00522615700891782
1.5613255000000001 -0.003919430893390974
1.564467 -0.00261286494376467
1.5676085000000002 -0.0013064057758051528
1.57075 0
1.5738915 0.0013064057758051528
1.5770330000000001 0.002612864943764781
1.5801745 0.003919430893390974
1.5833160000000002 0.005226157008917709
1.5864575 0.006533096666655636
1.5895990000000002 0.007840303232355295
1.5927405000000001 0.009147830058563788
1.595882 0.01045573048198517
1.5990235000000002 0.011764057820839835
1.602165 0.013072865372221076
1.6053065000000002 0.014382206409457088
1.608448 0.015692134179465467
1.6115895 0.01700270190011338
1.6147310000000001 0.018313962757575408
1.6178725 0.019625969903686924
1.6210140000000002 0.020938776453306274
1.6241555 0.02225243548166672
1.627297 0.023567000021734064
1.6304385000000001 0.02488252306156158
1.63358 0.026199057541644144
1.6367215000000002 0.027516656352273794
1.639863 0.028835372330890785
1.6430045000000002 0.030155258259439544
1.646146 0.031476366861718785
1.6492875 0.0327987508007338
1.6524290000000001 0.03412246267604718
1.6555705 0.035447555021129284
1.6587120000000002 0.0367740803007065
1.6618535 0.03810209090811273
1.664995 0.03943163916263309
1.6681365000000001 0.04076277730685479
1.671278 0.042095557504010284
1.6744195000000002 0.0434300318353239
1.677561 0.044766252297358144
1.6807025000000002 0.0461042707993532
1.6838440000000001 0.04744413916057216
1.6869855 0.0487859091076423
1.6901270000000002 0.05012963227189576
1.6932685 0.05147536018670856
1.6964100000000002 0.05282314428484064
1.6995515 0.054173035895771604
1.702693 0.055525086243040145
1.7058345000000001 0.05687934644157738
1.708976 0.05823586749504289
1.7121175000000002 0.059594700293157
1.715259 0.06095589560903597
1.7184005 0.062319504096520484
1.7215420000000001 0.06368557628750782
1.7246835 0.06505416258928154
1.7278250000000002 0.06642531328183837
1.7309665 0.06779907851521688
1.7341080000000002 0.06917550830682329
1.7372495000000001 0.07055465253875615
1.740391 0.07193656095513162
1.7435325000000002 0.07332128315940445
1.746674 0.07470886861169224
1.7498155000000002 0.07609936662609518
1.752957 0.07749282636801458
1.7560985 0.07888929685147622
1.7592400000000001 0.08028882693644196
1.7623815 0.08169146532613114
1.7655230000000002 0.08309726056433558
1.7686645 0.08450626103273196
1.7718060000000002 0.08591851494820035
1.7749475000000001 0.08733407036013086
1.778089 0.08875297514774239
1.7812305000000002 0.09017527701738848
1.784372 0.09160102349986987
1.7875135000000002 0.09303026194774411
1.790655 0.09446303953263269
1.7937965 0.09589940324252999
1.7969380000000001 0.09733939987911011
1.8000795 0.09878307605503223
1.8032210000000002 0.1002304781912472
1.8063625 0.1016816525143015
1.809504 0.10313664505364206
1.8126455000000001 0.10459550163892017
1.815787 0.10605826789729311
1.8189285000000002 0.10752498925072862
1.82207 0.10899571091330518
1.8252115000000002 0.11047047788851605
1.8283530000000001 0.11194933496656667
1.8314945 0.11343232672168002
1.8346360000000002 0.11491949750939523
1.8377775 0.11641089146386718
1.8409190000000002 0.11790655249516846
1.8440605 0.11940652428658882
1.847202 0.12091085029193605
1.8503435000000001 0.1224195737328343
1.853485 0.12393273759602663
1.8566265000000002 0.1254503846306747
1.859768 0.12697255734565804
1.8629095000000002 0.12849929800687754
1.8660510000000001 0.13003064863455394
1.8691925 0.13156665100053067
1.8723340000000002 0.13310734662557733
1.8754755 0.13465277677669063
1.8786170000000002 0.13620298246439877
1.8817585000000001 0.13775800444006403
1.8849 0.13931788319319094
1.8880415000000002 0.14088265894872853
1.891183 0.14245237166437996
1.8943245000000002 0.1440270610279094
1.897466 0.14560676645445048
1.9006075000000002 0.14719152708381777
1.9037490000000001 0.14878138177781897
1.9068905 0.15037636911756613
1.9100320000000002 0.15197652740079293
1.9131735 0.15358189463916905
1.9163150000000002 0.15519250855561995
1.9194565000000001 0.15680840658164685
1.922598 0.1584296258546467
1.9257395000000002 0.1600562032152405
1.928881 0.16168817520459533
1.9320225000000002 0.16332557806175607
1.935164 0.16496844772097574
1.9383055 0.1666168198090483
1.9414470000000001 0.16827072964264755
1.9445885 0.16993021222566307
1.9477300000000002 0.1715953022465454
1.9508715 0.17326603407564967
1.9540130000000002 0.17494244176258456
1.9571545000000001 0.17662455903356344
1.960296 0.1783124192887603
1.9634375000000002 0.18000605559966898
1.966579 0.18170550070646452
1.9697205000000002 0.18341078701537006
1.9728620000000001 0.18512194659602788
1.9760035 0.18683901117887314
1.9791450000000002 0.18856201215251311
1.9822865 0.19029098056111104
1.9854280000000002 0.1920259471017739
1.9885695 0.19376694212194379
1.9917110000000002 0.1955139956167975
1.9948525000000001 0.19726713722664913
1.997994 0.19902639623435592
2.0011355 0.20079180156273424
2.004277 0.20256338177197697
2.0074185 0.204341165057078
2.01056 0.2061251792452642
2.0137015000000003 0.20791545179343085
2.016843 0.20971200978558424
2.0199845 0.2115148799302914
2.023126 0.21332408855813634
2.0262675000000003 0.21513966161918208
2.0294090000000002 0.21696162468043967
2.0325505 0.21879000292334605
2.035692 0.2206248211412467
2.0388335 0.22246610373688813
2.0419750000000003 0.22431387471991648
2.0451165000000002 0.2261681577043837
2.048258 0.22802897590626447
2.0513995 0.22989635214097803
2.054541 0.23177030882091942
2.0576825000000003 0.23365086795300183
2.060824 0.23553805113620285
2.0639655 0.23743187955912648
2.067107 0.2393323739975668
2.0702485 0.24123955481208736
2.0733900000000003 0.24315344194560673
2.0765315 0.24507405492099432
2.079673 0.24700141283867905
2.0828145 0.24893553437426386
2.085956 0.2508764377761533
2.0890975000000003 0.25282414086319294
2.092239 0.2547786610223153
2.0953805 0.25674001520620315
2.098522 0.25870821993095927
2.1016635000000004 0.26068329127378886
2.1048050000000003 0.26266524487069476
2.1079465 0.26465409591418376
2.111088 0.26664985915098693
2.1142295 0.26865254887978873
2.1173710000000003 0.2706621789489737
2.1205125000000002 0.27267876275438063
2.123654 0.27470231323707517
2.1267955 0.276732842881132
2.129937 0.27877036371143304
2.1330785000000003 0.28081488729147686
2.1362200000000002 0.2828664247212056
2.1393615 0.28492498663484245
2.142503 0.2869905831987476
2.1456445 0.2890632241092864
2.1487860000000003 0.29114291859071195
2.1519275 0.29322967539306544
2.155069 0.29532350279009123
2.1582105 0.29742440857716523
2.161352 0.299532400069244
2.1644935000000003 0.3016474840988248
2.167635 0.3037696670139268
2.1707765 0.30589895467608563
2.173918 0.3080353524583668
2.1770595 0.3101788652433961
2.1802010000000003 0.3123294974214078
2.1833425 0.3144872528883078
2.186484 0.31665213504375955
2.1896255 0.3188241467892846
2.1927670000000004 0.3210032905263833
2.1959085000000003 0.3231895681546727
2.19905 0.3253829810700457
2.2021915 0.3275835301628487
2.205333 0.3297912158160754
2.2084745000000003 0.3320060379035882
2.2116160000000002 0.3342279957883493
2.2147575 0.3364570883206822
2.217899 0.3386933138365473
2.2210405 0.34093667015583984
2.2241820000000003 0.34318715458071014
2.2273235000000002 0.3454447638939028
2.230465 0.3477094943571213
2.2336065 0.3499813417094104
2.236748 0.3522603011655626
2.2398895000000003 0.35454636741454804
2.243031 0.3568395346179629
2.2461725 0.3591397964085081
2.249314 0.3614471458884818
2.2524555 0.3637615756283036
2.2555970000000003 0.3660830776650569
2.2587385 0.3684116435010585
2.26188 0.37074726410245074
2.2650215 0.3730899298978183
2.268163 0.37543963077682974
2.2713045000000003 0.37779635608890594
2.274446 0.38016009464190836
2.2775875 0.3825308347008607
2.280729 0.38490856398668927
2.2838705000000004 0.38729326967499333
2.2870120000000003 0.38968493839483975
2.2901535 0.3920835562275867
2.293295 0.3944891087057304
2.2964365 0.39690158081178173
2.2995780000000003 0.39932095697717074
2.3027195000000003 0.40174722108117356
2.305861 0.40418035644987604
2.3090025 0.40662034585515705
2.312144 0.40906717151370264
2.3152855000000003 0.41152081508605265
2.3184270000000002 0.41398125767566907
2.3215685 0.4164484798280417
2.32471 0.4189224615298147
2.3278515 0.4214031822079505
2.3309930000000003 0.4238906207289166
2.3341345000000002 0.42638475539790754
2.337276 0.42888556395809474
2.3404175 0.4313930235899084
2.343559 0.43390711091034784
2.3467005000000003 0.4364278019723251
2.349842 0.4389550722640392
2.3529835 0.44148889670838143
2.356125 0.44402924966237256
2.3592665 0.4465761049166328
2.3624080000000003 0.44912943569488417
2.3655495 0.451689214653481
2.368691 0.45425541388098145
2.3718325 0.45682800489774433
2.3749740000000004 0.4594069586555629
2.3781155000000003 0.4619922455373303
2.381257 0.46458383535674064
2.3843985 0.4671816973580214
2.38754 0.46978580021570304
2.3906815000000003 0.4723961120344192
2.3938230000000003 0.4750126003487435
2.3969645 0.47763523212306225
2.400106 0.48026397375147833
2.4032475 0.48289879105775546
2.4063890000000003 0.48553964929529236
2.4095305000000002 0.48818651314713535
2.412672 0.49083934672602747
2.4158135 0.49349811357449236
2.418955 0.496162776664953
2.4220965000000003 0.49883329839988966
2.4252380000000002 0.5015096406120318
2.4283795 0.5041917645645899
2.431521 0.5068796309515199
2.4346625 0.5095731998978286
2.4378040000000003 0.5122724309599145
2.4409455 0.5149772831259465
2.444087 0.5176877148162811
2.4472285 0.5204036838839157
2.45037 0.5231251476149824
2.4535115000000003 0.5258520627292778
2.456653 0.5285843853808307
2.4597945 0.5313220711585129
2.462936 0.5340650750866845
2.4660775000000004 0.5368133516258774
2.4692190000000003 0.5395668546735204
2.4723605 0.5423255375647048
2.475502 0.5450893530729853
2.4786435 0.5478582534112227
2.4817850000000004 0.5506321902324677
2.4849265000000003 0.553411114630879
2.488068 0.5561949771426907
2.4912095 0.5589837277472096
2.494351 0.5617773158678601
2.4974925000000003 0.5645756903732658
2.5006340000000002 0.5673787995783731
2.5037755 0.5701865912456139
2.506917 0.5729990125861115
2.5100585 0.5758160102609261
2.5132000000000003 0.5786375303823392
2.5163415000000002 0.5814635185151824
2.519483 0.5842939196782063
2.5226245 0.5871286783454897
2.525766 0.5899677384478909
2.5289075000000003 0.5928110433745417
2.532049 0.595658535974379
2.5351905 0.5985101585577248
2.538332 0.6013658528979008
2.5414735 0.6042255602328906
2.5446150000000003 0.6070892212670386
2.5477565 0.6099567761727956
2.550898 0.6128281645925054
2.5540395 0.6157033256402298
2.5571810000000004 0.6185821979036215
2.5603225000000003 0.6214647194458338
2.563464 0.6243508278074783
2.5666055 0.6272404600086197
2.569747 0.6301335525508153
2.5728885000000004 0.6330300414191998
2.5760300000000003 0.6359298620846051
2.5791715 0.6388329495057301
2.582313 0.6417392381313518
2.5854545 0.6446486619025739
2.5885960000000003 0.6475611542551231
2.5917375000000002 0.6504766481216867
2.594879 0.6533950759342938
2.5980205 0.6563163696267348
2.601162 0.65924046063703
2.6043035000000003 0.6621672799099365
2.6074450000000002 0.6650967578994973
2.6105865 0.6680288245716371
2.613728 0.6709634094067977
2.6168695 0.6739004414026145
2.6200110000000003 0.6768398490766415
2.6231525 0.6797815604691103
2.626294 0.6827255031457413
2.6294355 0.6856716042005895
2.632577 0.6886197902589356
2.6357185000000003 0.6915699874802227
2.63886 0.6945221215610279
2.6420015 0.697476117738085
2.645143 0.7004319007913434
2.6482845000000004 0.7033893950470697
2.6514260000000003 0.7063485243809947
2.6545675 0.7093092122215
2.657709 0.7122713815528466
2.6608505 0.7152349549184464
2.6639920000000004 0.7181998544241746
2.6671335000000003 0.7211660017417236
2.670275 0.7241333181120012
2.6734165 0.727101724348566
2.676558 0.7300711408411085
2.6796995000000003 0.73304148755897
2.6828410000000003 0.7360126840547042
2.6859825 0.7389846494676815
2.689124 0.7419573025277314
2.6922655 0.7449305615588274
2.6954070000000003 0.7479043444828121
2.6985485000000002 0.7508785688231618
2.70169 0.7538531517087959
2.7048315 0.7568280098779201
2.707973 0.759803059681914
2.7111145000000003 0.7627782170892591
2.7142560000000002 0.7657533976895016
2.7173975 0.7687285166972619
2.720539 0.7717034889562784
2.7236805 0.7746782289434917
2.7268220000000003 0.7776526507731706
2.7299635 0.7806266682010696
2.733105 0.7836001946286371
2.7362465 0.7865731431072502
2.7393880000000004 0.7895454263424956
2.7425295000000003 0.7925169566984825
2.745671 0.7954876462022015
2.7488125 0.7984574065479124
2.751954 0.8014261491015762
2.7550955000000004 0.80439378490532
2.7582370000000003 0.8073602246819402
2.7613785 0.8103253788394458
2.76452 0.8132891574756298
2.7676615 0.8162514703826892
2.7708030000000003 0.8192122270518678
2.7739445000000003 0.8221713366781447
2.777086 0.8251287081649532
2.7802275 0.8280842501289383
2.783369 0.8310378709047446
2.7865105000000003 0.8339894785498442
2.7896520000000002 0.8369389808493939
2.7927935 0.8398862853211317
2.795935 0.8428312992203032
2.7990765 0.8457739295446232
2.8022180000000003 0.8487140830392701
2.8053595000000002 0.8516516662019125
2.808501 0.8545865852877722
2.8116425 0.8575187463147145
2.8147840000000004 0.8604480550683729
2.8179255000000003 0.8633744171073052
2.821067 0.8662977377681829
2.8242085 0.8692179221710084
2.82735 0.872134875224365
2.8304915000000004 0.8750485016306968
2.8336330000000003 0.8779587058916172
2.8367745 0.8808653923132505
2.839916 0.8837684650115999
2.8430575 0.8866678279179456
2.8461990000000004 0.8895633847842708
2.8493405000000003 0.892455039188716
2.852482 0.8953426945410639
2.8556235 0.8982262540882471
2.858765 0.9011056209198873
2.8619065000000004 0.9039806979738576
2.8650480000000003 0.9068513880418742
2.8681895 0.9097175937751125
2.871331 0.9125792176898493
2.8744725 0.9154361621731291
2.8776140000000003 0.9182883294884577
2.8807555000000002 0.9211356217815165
2.883897 0.9239779410859046
2.8870385 0.9268151893289025
2.89018 0.9296472683372576
2.8933215000000003 0.932474079842996
2.8964630000000002 0.9352955254892525
2.8996045 0.9381115068361261
2.902746 0.940921925366555
2.9058875000000004 0.9437266824922117
2.9090290000000003 0.9465256795594217
2.9121705 0.9493188178550982
2.915312 0.9521059986127018
2.9184535 0.9548871230182132
2.9215950000000004 0.9576620922161296
2.9247365000000003 0.9604308073154759
2.927878 0.9631931693958381
2.9310195 0.9659490795134087
2.934161 0.9686984387070529
2.9373025000000004 0.9714411480043894
2.9404440000000003 0.9741771084278883
2.9435855 0.9769062210009829
2.946727 0.9796283867541984
2.9498685 0.9823435067312947
2.9530100000000004 0.9850514819954204
2.9561515000000003 0.987752213635284
2.959293 0.9904456027713374
2.9624345 0.9931315505619702
2.965576 0.9958099582097171
2.9687175000000003 0.9984807269674778
2.9718590000000003 1.0011437581447449
2.9750005 1.003798953113847
2.978142 1.0064462133161967
2.9812835 1.0090854402685523
2.9844250000000003 1.0117165355692868
2.9875665000000002 1.0143394009046627
2.990708 1.0169539380551207
2.9938495 1.0195600489015706
2.9969910000000004 1.022157635431692
3.0001325000000003 1.024746599746238
3.003274 1.0273268440653502
3.0064155 1.0298982707348747
3.009557 1.032460782232682
3.0126985000000004 1.035014281174997
3.0158400000000003 1.0375586703227244
3.0189815 1.0400938525877867
3.022123 1.0426197310394556
3.0252645 1.0451362089106921
3.0284060000000004 1.0476431896044853
3.0315475000000003 1.0501405767001912
3.034689 1.052628273959876
3.0378305 1.0551061853346553
3.040972 1.0575742149710325
3.0441135000000004 1.0600322672172418
3.0472550000000003 1.0624802466295793
3.0503965 1.0649180579787427
3.053538 1.0673456062561604
3.0566795 1.0697627966803205
3.0598210000000003 1.0721695347030955
3.0629625000000003 1.07456572601606
3.066104 1.0769512765568083
3.0692455 1.0793260925152617
3.072387 1.0816900803399714
3.0755285000000003 1.0840431467444143
3.0786700000000002 1.0863851987132813
3.0818115 1.088716143508759
3.084953 1.091035888676801
3.0880945000000004 1.093344342053391
3.0912360000000003 1.0956414117707962
3.0943775000000002 1.0979270062638107
3.097519 1.1002010342759887
3.1006605 1.1024634048658637
3.1038020000000004 1.1047140274131602
3.1069435000000003 1.1069528116249887
3.110085 1.10917966754203
3.1132265 1.1113945055447063
3.116368 1.113597236359336
3.1195095000000004 1.1157877710642756
3.1226510000000003 1.117966021096046
3.1257925 1.1201318982554416
3.128934 1.1222853147136256
3.1320755 1.1244261830182056
3.1352170000000004 1.126554416099294
3.1383585000000003 1.1286699272755465


0 0
0.0031415 0.0031414948327469837
0.006283 0.006282958662037062
0.0094245 0.009424360484719304
0.012566 0.012565669298254725
0.0157075 0.015706854101022242
0.018849 0.018847883892624644
0.021990500000000003 0.021988727674194523
0.025132 0.025129354448700205
0.0282735 0.028269733221251665
0.031415 0.03140983299940641
0.034556500000000004 0.034549622793475364
0.037698 0.037689071616828655
0.0408395 0.040828148486201477
0.043981000000000006 0.04396682242199985
0.047122500000000005 0.04710506244860632
0.050264 0.05024283759468573
0.0534055 0.05338011689349081
0.056547 0.056516869383167814
0.059688500000000005 0.0596530641070621
0.06283 0.0627886701140236
0.0659715 0.06592365645871233
0.06911300000000001 0.06905799220190373
0.0722545 0.07219164641079404
0.075396 0.07532458815930561
0.07853750000000001 0.07845678652839204
0.081679 0.08158821060634333
0.08482050000000001 0.08471882948909103
0.08796200000000001 0.08784861228051313
0.0911035 0.09097752809273901
0.09424500000000001 0.09410554604645432
0.0973865 0.09723263527120564
0.100528 0.10035876490570524
0.10366950000000001 0.10348390409813556
0.106811 0.10660802200645372
0.10995250000000001 0.10973108779869599
0.113094 0.11285307065328185
0.1162355 0.11597393975931844
0.11937700000000001 0.11909366431690442
0.1225185 0.12221221353743403
0.12566 0.12532955664390094
0.1288015 0.12844566287120204
0.131943 0.13156050146644083
0.1350845 0.13467404168923122
0.13822600000000002 0.1377862528120008
0.1413675 0.1408971041202939
0.144509 0.14400656491307512
0.14765050000000002 0.1471146045030319
0.150792 0.15022119221687755
0.1539335 0.15332629739565407
0.15707500000000002 0.15642988939503458
0.1602165 0.1595319375856257
0.163358 0.16263241135327006
0.16649950000000002 0.1657312800993482
0.16964100000000001 0.16882851324108067
0.1727825 0.1719240802118298
0.17592400000000002 0.17501795046140145
0.17906550000000002 0.17811009345634637
0.182207 0.18120047868026162
0.1853485 0.1842890756340918
0.18849000000000002 0.18737585383642988
0.1916315 0.19046078282381818
0.194773 0.19354383215104887
0.19791450000000002 0.19662497139146465
0.201056 0.19970417013725872
0.2041975 0.20278139799977518
0.20733900000000002 0.2058566246098088
0.21048050000000001 0.20892981961790463
0.213622 0.21200095269465774
0.21676350000000003 0.21506999353101242
0.21990500000000002 0.2181369118385612
0.2230465 0.221201677349844
0.226188 0.2242642598186467
0.22932950000000002 0.2273246290202996
0.232471 0.23038275475197578
0.2356125 0.23343860683298917
0.23875400000000002 0.23649215510509247
0.2418955 0.23954336943277452
0.245037 0.24259221970355804
0.24817850000000002 0.24563867582829665
0.25132 0.24868270774147172
0.2544615 0.2517242854014894
0.257603 0.25476337879097666
0.2607445 0.2577999579170779
0.263886 0.26083399281175085
0.26702750000000003 0.26386545353206226
0.270169 0.2668943101604834
0.2733105 0.26992053280518535
0.27645200000000003 0.27294409160033417
0.2795935 0.2759649567063853
0.282735 0.2789830983103784
0.28587650000000003 0.28199848662623117
0.289018 0.2850110918950338
0.2921595 0.28802088438534235
0.29530100000000004 0.29102783439347213
0.2984425 0.294031912243791
0.301584 0.29703308828901226
0.30472550000000004 0.30003133291048706
0.307867 0.3030266165184968
0.3110085 0.30601890955254535
0.31415000000000004 0.3090081824816504
0.3172915 0.3119944058046351
0.320433 0.31497755005041944
0.32357450000000004 0.3179575857783105
0.326716 0.32093448357829363
0.3298575 0.3239082140713225
0.33299900000000004 0.32687874790960864
0.3361405 0.3298460557769117
0.33928200000000003 0.3328101083888284
0.34242350000000005 0.3357708764930817
0.345565 0.3387283308698092
0.34870650000000003 0.34168244233185197
0.35184800000000005 0.34463318172504215
0.3549895 0.347580519928491
0.35813100000000003 0.3505244278548761
0.3612725 0.35346487645072855
0.364414 0.35640183669671965
0.36755550000000003 0.3593352796079472
0.370697 0.36226517623422155
0.3738385 0.3651914976603516
0.37698000000000004 0.36811421500642977
0.3801215 0.37103329942811725
0.383263 0.37394872211692876
0.38640450000000004 0.3768604543005164
0.389546 0.37976846724295416
0.3926875 0.3826727322450213
0.39582900000000004 0.3855732206444854
0.3989705 0.38846990381638535
0.402112 0.3913627531733142
0.40525350000000004 0.3942517401657006
0.408395 0.39713683628209107
0.4115365 0.4000180130494314
0.41467800000000005 0.40289524203334726
0.4178195 0.40576849483842514
0.42096100000000003 0.40863774310849255
0.42410250000000005 0.41150295852689767
0.427244 0.4143641128167891
0.43038550000000003 0.4172211777413948
0.43352700000000005 0.4200741251043005
0.4366685 0.42292292674972837
0.43981000000000003 0.4257675545628148
0.44295150000000005 0.4286079804698877
0.446093 0.43144417643874344
0.44923450000000004 0.4342761144789242
0.452376 0.43710376664199324
0.4555175 0.43992710502181154
0.45865900000000004 0.44274610175481266
0.4618005 0.44556072902027793
0.464942 0.4483709590406112
0.46808350000000004 0.4511767640816126
0.471225 0.45397811645275254
0.4743665 0.4567749885074449
0.47750800000000004 0.4595673526433199
0.4806495 0.46235518130249625
0.483791 0.4651384469718537
0.48693250000000005 0.4679171221833039
0.490074 0.4706911795140619
0.49321550000000003 0.47346059158691683
0.49635700000000005 0.4762253310705017
0.4994985 0.4789853706795634
0.50264 0.48174068317523216
0.5057815 0.48449124136529
0.508923 0.4872370181044392
0.5120645 0.4899779862945704
0.515206 0.4927141188850297
0.5183475000000001 0.4954453888728859
0.521489 0.4981717693031969
0.5246305 0.5008932332692758
0.527772 0.5036097539129561
0.5309135 0.5063213044248573
0.5340550000000001 0.509027858044649
0.5371965000000001 0.5117293880613153
0.540338 0.5144258678134183
0.5434795 0.5171172706893611
0.546621 0.5198035701276509
0.5497625 0.5224847396171604
0.5529040000000001 0.52516075269739
0.5560455000000001 0.5278315829587289
0.559187 0.5304972040427154
0.5623285 0.5331575896422974
0.56547 0.5358127135020919
0.5686115 0.5384625494186439
0.5717530000000001 0.5411070712406854
0.5748945000000001 0.5437462528693929
0.578036 0.5463800682586458
0.5811775 0.5490084914152829
0.584319 0.5516314963993586
0.5874605 0.5542490573244
0.5906020000000001 0.5568611483576611
0.5937435000000001 0.5594677437203787
0.596885 0.5620688176880261
0.6000265 0.5646643445905678
0.603168 0.567254298812712
0.6063095000000001 0.5698386547941641
0.6094510000000001 0.5724173870298781
0.6125925 0.5749904700703091
0.615734 0.5775578785216644
0.6188755 0.5801195870461536
0.622017 0.5826755703622393
0.6251585000000001 0.5852258032448856
0.6283000000000001 0.5877702605258085
0.6314415 0.5903089170937228
0.634583 0.5928417478945913
0.6377245 0.5953687279318709
0.640866 0.59788983226676
0.6440075000000001 0.600405036018444
0.6471490000000001 0.6029143143643416
0.6502905 0.6054176425403495
0.653432 0.6079149958410865
0.6565735 0.6104063496201376
0.659715 0.6128916792902971
0.6628565000000001 0.6153709603238112
0.6659980000000001 0.6178441682526207
0.6691395 0.6203112786686013
0.672281 0.6227722672238054
0.6754225 0.6252271096307025
0.6785640000000001 0.6276757816624179
0.6817055000000001 0.6301182591529728
0.6848470000000001 0.6325545179975224
0.6879885 0.6349845341525935
0.69113 0.6374082836363225
0.6942715 0.6398257425286915
0.6974130000000001 0.6422368869717645
0.7005545000000001 0.6446416931699229
0.7036960000000001 0.6470401373901004
0.7068375 0.6494321959620168
0.709979 0.6518178452784127
0.7131205 0.654197061795281
0.7162620000000001 0.6565698220321003
0.7194035000000001 0.6589361025720664
0.722545 0.661295880062323
0.7256865 0.6636491312141929
0.728828 0.665995832803407
0.7319695 0.6683359616703345
0.7351110000000001 0.6706694947202102
0.7382525000000001 0.6729964089233637
0.741394 0.6753166813154454
0.7445355 0.6776302889976549
0.747677 0.6799372091369649
0.7508185 0.6822374189663479
0.7539600000000001 0.6845308957850008
0.7571015000000001 0.6868176169585684
0.760243 0.6890975599193668
0.7633845 0.6913707021666072
0.766526 0.6936370212666164
0.7696675000000001 0.6958964948530592
0.7728090000000001 0.6981491006271587
0.7759505000000001 0.7003948163579169
0.779092 0.7026336198823333
0.7822335 0.7048654891056245
0.785375 0.7070904020014415
0.7885165000000001 0.7093083366120874
0.7916580000000001 0.7115192710487341
0.7947995000000001 0.7137231834916388
0.797941 0.7159200521903579
0.8010825 0.7181098554639637
0.804224 0.7202925717012564
0.8073655000000001 0.7224681793609786
0.8105070000000001 0.7246366569720278
0.8136485 0.7267979831336676
0.81679 0.7289521365157396
0.8199315 0.7310990958588738
0.823073 0.7332388399746979
0.8262145000000001 0.735371347746047
0.8293560000000001 0.7374965981271717
0.8324975 0.739614570143946
0.835639 0.7417252428940744
0.8387805 0.7438285955472974
0.8419220000000001 0.7459246073455981
0.8450635000000001 0.7480132576034062
0.8482050000000001 0.750094525707803
0.8513465 0.752168391118724
0.854488 0.7542348333691624
0.8576295 0.7562938320653703
0.8607710000000001 0.7583453668870603
0.8639125000000001 0.7603894175876065
0.8670540000000001 0.7624259639942434
0.8701955 0.764454986008266
0.873337 0.7664764636052271
0.8764785 0.7684903768351361
0.8796200000000001 0.7704967058226544
0.8827615000000001 0.7724954307672932
0.8859030000000001 0.7744865319436077
0.8890445 0.776469989701392
0.892186 0.7784457844658739
0.8953275 0.7804138967379066
0.8984690000000001 0.7823743070941624
0.9016105000000001 0.7843269961873239
0.904752 0.7862719447462745
0.9078935 0.7882091335762897
0.911035 0.7901385435592255
0.9141765000000001 0.7920601556537075
0.9173180000000001 0.7939739508953186
0.9204595000000001 0.7958799103967867
0.923601 0.7977780153481705
0.9267425 0.7996682470170454
0.929884 0.8015505867486884
0.9330255000000001 0.803425015966262
0.9361670000000001 0.8052915161709978
0.9393085000000001 0.807150068942379
0.94245 0.8090006559383217
0.9455915 0.810843258895357
0.948733 0.8126778596288102
0.9518745000000001 0.8145044400329807
0.9550160000000001 0.8163229820813207
0.9581575000000001 0.818133467826613
0.961299 0.8199358794011482
0.9644405 0.821730199016901
0.967582 0.8235164089657058
0.9707235000000001 0.8252944916194312
0.9738650000000001 0.8270644294301546
0.9770065000000001 0.8288262049303345
0.980148 0.8305798007329838
0.9832895 0.8323251995318405
0.9864310000000001 0.8340623841015394
0.9895725000000001 0.8357913372977814
0.9927140000000001 0.837512042057503
0.9958555000000001 0.8392244813990444
0.998997 0.8409286384223176
1.0021385 0.842624496308973
1.00528 0.844312038322565
1.0084215 0.8459912478087177
1.011563 0.847662108195289
1.0147045000000001 0.849324602992534
1.017846 0.8509787157932681
1.0209875000000002 0.8526244302730288
1.024129 0.8542617301902364
1.0272705 0.855890599386355
1.030412 0.8575110217860517
1.0335535 0.8591229813973545
1.0366950000000001 0.8607264623118116
1.0398365 0.862321448704647
1.042978 0.8639079248349174
1.0461195 0.8654858750456677
1.049261 0.8670552837640846
1.0524025000000001 0.8686161355016516
1.055544 0.8701684148543006
1.0586855000000002 0.871712106502565
1.061827 0.8732471952117299
1.0649685 0.8747736658319831
1.0681100000000001 0.8762915032985646
1.0712515 0.877800692631915
1.0743930000000002 0.8793012189378234
1.0775345 0.8807930674075743
1.080676 0.8822762233180944
1.0838175 0.8837506720320969
1.086959 0.8852163989982266
1.0901005000000001 0.8866733897512032
1.093242 0.8881216299119646
1.0963835000000002 0.8895611051878082
1.099525 0.890991801372532
1.1026665 0.8924137043465751
1.1058080000000001 0.8938268000771571
1.1089495 0.8952310746184162
1.1120910000000002 0.8966265141115471
1.1152325 0.8980131047849378
1.118374 0.8993908329543051
1.1215155 0.9007596850228307
1.124657 0.9021196474812936
1.1277985000000001 0.9034707069082055
1.13094 0.9048128499699416
1.1340815 0.9061460634208732
1.137223 0.907470334103498
1.1403645 0.9087856489485695
1.1435060000000001 0.9100919949752274
1.1466475 0.9113893592911239
1.1497890000000002 0.9126777290925525
1.1529305 0.9139570916645733
1.156072 0.915227434381139
1.1592135000000001 0.9164887447052195
1.162355 0.9177410101889251
1.1654965000000002 0.9189842184736303
1.168638 0.9202183572900948
1.1717795 0.9214434144585854
1.174921 0.9226593778889954
1.1780625 0.9238662355809646
1.1812040000000001 0.9250639756239973
1.1843455 0.9262525861975802
1.1874870000000002 0.9274320555712987
1.1906285 0.9286023721049529
1.19377 0.9297635242486723
1.1969115000000001 0.93091550054303
1.200053 0.9320582896191557
1.2031945000000002 0.933191880198848
1.206336 0.9343162610946852
1.2094775 0.9354314212101366
1.2126190000000001 0.9365373495396709
1.2157605 0.9376340351688662
1.2189020000000002 0.9387214672745163
1.2220435 0.9397996351247384
1.225185 0.9408685280790787
1.2283265 0.9419281355886177
1.231468 0.9429784471960737
1.2346095000000001 0.9440194525359068
1.237751 0.9450511413344204
1.2408925000000002 0.9460735034098633
1.244034 0.9470865286725296
1.2471755 0.9480902071248588
1.2503170000000001 0.9490845288615342
1.2534585 0.9500694840695801
1.2566000000000002 0.95104506302846
1.2597415 0.9520112561101712
1.262883 0.9529680537793406
1.2660245 0.9539154465933184
1.269166 0.9548534252022716
1.2723075000000001 0.955781980349276
1.275449 0.9567011028704078
1.2785905000000002 0.9576107836948338
1.281732 0.9585110138449009
1.2848735 0.9594017844362254
1.2880150000000001 0.9602830866777795
1.2911565 0.961154911871979
1.2942980000000002 0.9620172514147688
1.2974395 0.9628700967957076
1.300581 0.9637134395980523
1.3037225000000001 0.9645472714988411
1.306864 0.9653715842689748
1.3100055000000002 0.9661863697732994
1.313147 0.9669916199706851
1.3162885 0.9677873269141062
1.31943 0.9685734827507197
1.3225715 0.9693500797219426
1.3257130000000001 0.9701171101635284
1.3288545 0.9708745665056429
1.3319960000000002 0.9716224412729386
1.3351375 0.9723607270846288
1.338279 0.9730894166545606
1.3414205000000001 0.9738085027912863
1.344562 0.9745179783981345
1.3477035000000002 0.9752178364732805
1.350845 0.9759080701098152
1.3539865 0.9765886724958128
1.3571280000000001 0.977259636914399
1.3602695 0.9779209567438163
1.3634110000000002 0.97857262545749
1.3665525 0.9792146366240924
1.3696940000000002 0.9798469839076062
1.3728355 0.9804696610673871
1.375977 0.9810826619582254
1.3791185000000001 0.9816859805304067
1.38226 0.9822796108297714
1.3854015000000002 0.9828635469977738
1.388543 0.9834377832715395
1.3916845 0.9840023139839227
1.3948260000000001 0.9845571335635617
1.3979675 0.9851022365349342
1.4011090000000002 0.9856376175184116
1.4042505 0.986163271230311
1.4073920000000002 0.9866791924829487
1.4105335 0.9871853761846905
1.413675 0.9876818173400023
1.4168165000000001 0.9881685110494993
1.419958 0.9886454525099945
1.4230995000000002 0.9891126370145459
1.426241 0.9895700599525028
1.4293825 0.990017716809552
1.4325240000000001 0.9904556031677615
1.4356655 0.9908837147056246
1.4388070000000002 0.9913020471981028
1.4419485 0.9917105965166665
1.44509 0.9921093586293367
1.4482315000000001 0.9924983296007247
1.451373 0.9928775055920703
1.4545145000000002 0.9932468828612804
1.457656 0.9936064577629654
1.4607975000000002 0.9939562267484756
1.463939 0.9942961863659359
1.4670805 0.9946263332602799
1.4702220000000001 0.9949466641732836
1.4733635 0.9952571759435963
1.4765050000000002 0.9955578655067732
1.4796465 0.9958487298953046
1.482788 0.9961297662386458
1.4859295000000001 0.9964009717632452
1.489071 0.9966623437925716
1.4922125000000002 0.9969138797471406
1.495354 0.9971555771445406
1.4984955000000002 0.9973874335994565
1.501637 0.9976094468236935
1.5047785 0.9978216146262
1.5079200000000001 0.998023934913089
1.5110615 0.9982164056876588
1.5142030000000002 0.9983990250504126
1.5173445 0.9985717911990771
1.520486 0.9987347024286211
1.5236275000000001 0.9988877571312711
1.526769 0.9990309537965281
1.5299105000000002 0.9991642910111823
1.533052 0.9992877674593267
1.5361935 0.9994013819223707
1.5393350000000001 0.9995051332790513
1.5424765 0.9995990205054451
1.5456180000000002 0.9996830426749777
1.5487595 0.9997571989584331
1.5519010000000002 0.9998214886239618
1.5550425 0.9998759110370883
1.558184 0.9999204656607169
1.5613255000000001 0.9999551520551375
1.564467 0.9999799698780297
1.5676085000000002 0.9999949188844658
1.57075 0.999999998926914
1.5738915 0.9999952099552393
1.5770330000000001 0.999980552016704
1.5801745 0.9999560252559677
1.5833160000000002 0.9999216299150852
1.5864575 0.9998773663335045
1.5895990000000002 0.9998232349480638
1.5927405000000001 0.9997592362929864
1.595882 0.9996853709998758
1.5990235000000002 0.9996016397977097
1.602165 0.9995080435128325
1.6053065000000002 0.9994045830689473
1.608448 0.9992912594871067
1.6115895 0.9991680738857027
1.6147310000000001 0.9990350274804558
1.6178725 0.9988921215844028
1.6210140000000002 0.9987393576078839
1.6241555 0.9985767370585291
1.627297 0.998404261541243
1.6304385000000001 0.9982219327581885
1.63358 0.9980297525087714
1.6367215000000002 0.9978277226896209
1.639863 0.9976158452945726
1.6430045000000002 0.9973941224146471
1.646146 0.9971625562380309
1.6492875 0.9969211490500536
1.6524290000000001 0.9966699032331663
1.6555705 0.9964088212669177
1.6587120000000002 0.996137905727929
1.6618535 0.9958571592898698
1.664995 0.9955665847234307
1.6681365000000001 0.995266184896296
1.671278 0.9949559627731159
1.6744195000000002 0.9946359214154771
1.677561 0.9943060639818719
1.6807025000000002 0.9939663937276684
1.6838440000000001 0.9936169140050769
1.6869855 0.9932576282631177
1.6901270000000002 0.992888540047587
1.6932685 0.9925096530010215
1.6964100000000002 0.9921209708626628
1.6995515 0.9917224974684206
1.702693 0.9913142367508343
1.7058345000000001 0.9908961927390346
1.708976 0.9904683695587041
1.7121175000000002 0.9900307714320354
1.715259 0.989583402677691
1.7184005 0.9891262677107592
1.7215420000000001 0.9886593710427114
1.7246835 0.9881827172813576
1.7278250000000002 0.9876963111308005
1.7309665 0.9872001573913891
1.7341080000000002 0.9866942609596718
1.7372495000000001 0.9861786268283477
1.740391 0.9856532600862171
1.7435325000000002 0.9851181659181321
1.746674 0.9845733496049444
1.7498155000000002 0.9840188165234538
1.752957 0.9834545721463555
1.7560985 0.9828806220421848
1.7592400000000001 0.9822969718752637
1.7623815 0.9817036274056438
1.7655230000000002 0.9811005944890501
1.7686645 0.9804878790768229
1.7718060000000002 0.9798654872158594
1.7749475000000001 0.9792334250485536
1.778089 0.978591698812736
1.7812305000000002 0.9779403148416118
1.784372 0.9772792795636986
1.7875135000000002 0.9766085995027631
1.790655 0.9759282812777561
1.7937965 0.975238331602748
1.7969380000000001 0.9745387572868616
1.8000795 0.9738295652342058
1.8032210000000002 0.9731107624438071
1.8063625 0.9723823560095405
1.809504 0.9716443531200591
1.8126455000000001 0.970896761058724
1.815787 0.9701395872035319
1.8189285000000002 0.969372839027042
1.82207 0.9685965240963033
1.8252115000000002 0.9678106500727783
1.8283530000000001 0.9670152247122694
1.8314945 0.9662102558648404
1.8346360000000002 0.9653957514747403
1.8377775 0.9645717195803244
1.8409190000000002 0.9637381683139752
1.8440605 0.9628951059020219
1.847202 0.9620425406646593
1.8503435000000001 0.9611804810158658
1.853485 0.9603089354633203
1.8566265000000002 0.9594279126083182
1.859768 0.9585374211456864
1.8629095000000002 0.9576374698636978
1.8660510000000001 0.9567280676439843
1.8691925 0.9558092234614494
1.8723340000000002 0.954880946384179
1.8754755 0.953943245573353
1.8786170000000002 0.9529961302831538
1.8817585000000001 0.9520396098606756
1.8849 0.9510736937458322
1.8880415000000002 0.950098391471263
1.891183 0.9491137126622401
1.8943245000000002 0.9481196670365726
1.897466 0.9471162644045109
1.9006075000000002 0.9461035146686497
1.9037490000000001 0.9450814278238304
1.9068905 0.9440500139570427
1.9100320000000002 0.9430092832473244
1.9131735 0.9419592459656616
1.9163150000000002 0.9408999124748871
1.9194565000000001 0.9398312932295784
1.922598 0.9387533987759535
1.9257395000000002 0.9376662397517682
1.928881 0.9365698268862103
1.9320225000000002 0.9354641709997937
1.935164 0.9343492830042522
1.9383055 0.9332251739024311
1.9414470000000001 0.9320918547881788
1.9445885 0.930949336846238
1.9477300000000002 0.9297976313521342
1.9508715 0.9286367496720653
1.9540130000000002 0.9274667032627889
1.9571545000000001 0.9262875036715097
1.960296 0.9250991625357651
1.9634375000000002 0.9239016915833104
1.966579 0.9226951026320035
1.9697205000000002 0.9214794075896877
1.9728620000000001 0.9202546184540747
1.9760035 0.9190207473126257
1.9791450000000002 0.9177778063424324
1.9822865 0.9165258078100971
1.9854280000000002 0.9152647640716105
1.9885695 0.9139946875722316
1.9917110000000002 0.9127155908463628
1.9948525000000001 0.9114274865174282
1.997994 0.9101303872977475
2.0011355 0.9088243059884111
2.004277 0.9075092554791541
2.0074185 0.9061852487482285
2.01056 0.9048522988622753
2.0137015000000003 0.9035104189761957
2.016843 0.9021596223330216
2.0199845 0.900799922263784
2.023126 0.8994313321873821
2.0262675000000003 0.8980538656104506
2.0294090000000002 0.8966675361272268
2.0325505 0.8952723574194159
2.035692 0.8938683432560564
2.0388335 0.8924555074933835
2.0419750000000003 0.8910338640746936
2.0451165000000002 0.8896034270302059
2.048258 0.8881642104769235
2.0513995 0.8867162286184951
2.054541 0.8852594957450739
2.0576825000000003 0.8837940262331773
2.060824 0.8823198345455447
2.0639655 0.8808369352309948
2.067107 0.8793453429242817
2.0702485 0.877845072345951
2.0733900000000003 0.8763361383021941
2.0765315 0.8748185556847028
2.079673 0.8732923394705211
2.0828145 0.8717575047218985
2.085956 0.8702140665861409
2.0890975000000003 0.8686620402954606
2.092239 0.8671014411668275
2.0953805 0.8655322846018165
2.098522 0.8639545860864556
2.1016635000000004 0.8623683611910737
2.1048050000000003 0.8607736255701471
2.1079465 0.8591703949621441
2.111088 0.85755868518937
2.1142295 0.8559385121578114
2.1173710000000003 0.8543098918569786
2.1205125000000002 0.852672840359749
2.123654 0.8510273738222065
2.1267955 0.8493735084834838
2.129937 0.8477112606656012
2.1330785000000003 0.8460406467733057
2.1362200000000002 0.8443616832939099
2.1393615 0.8426743867971278
2.142503 0.8409787739349125
2.1456445 0.8392748614412913
2.1487860000000003 0.8375626661322002
2.1519275 0.8358422049053197
2.155069 0.8341134947399055
2.1582105 0.8323765526966227
2.161352 0.830631395917377
2.1644935000000003 0.828878041625145
2.167635 0.8271165071238055
2.1707765 0.8253468097979669
2.173918 0.8235689671127976
2.1770595 0.8217829966138518
2.1802010000000003 0.8199889159268974
2.1833425 0.8181867427577427
2.186484 0.8163764948920599
2.1896255 0.8145581901952107
2.1927670000000004 0.8127318466120695
2.1959085000000003 0.8108974821668478
2.19905 0.8090551149629135
2.2021915 0.8072047631826149
2.205333 0.8053464450870998
2.2084745000000003 0.8034801790161356
2.2116160000000002 0.8016059833879289
2.2147575 0.7997238766989425
2.217899 0.797833877523714
2.2210405 0.7959360045146722
2.2241820000000003 0.794030276401952
2.2273235000000002 0.792116711993212
2.230465 0.7901953301734458
2.2336065 0.7882661499047978
2.236748 0.7863291902263755
2.2398895000000003 0.784384470254061
2.243031 0.7824320091803236
2.2461725 0.7804718262740291
2.249314 0.7785039408802503
2.2524555 0.776528372420076
2.2555970000000003 0.7745451403904189
2.2587385 0.7725542643638245
2.26188 0.7705557639882761
2.2650215 0.7685496589870022
2.268163 0.7665359691582815
2.2713045000000003 0.764514714375247
2.274446 0.7624859145856914
2.2775875 0.760449589811868
2.280729 0.758405760150295
2.2838705000000004 0.7563544457715559
2.2870120000000003 0.7542956669201016
2.2901535 0.7522294439140498
2.293295 0.7501557971449843
2.2964365 0.7480747470777543
2.2995780000000003 0.7459863142502723
2.3027195000000003 0.7438905192733117
2.305861 0.7417873828303027
2.3090025 0.7396769256771284
2.312144 0.7375591686419204
2.3152855000000003 0.7354341326248525
2.3184270000000002 0.7333018385979356
2.3215685 0.7311623076048095
2.32471 0.7290155607605358
2.3278515 0.7268616192513893
2.3309930000000003 0.7247005043346489
2.3341345000000002 0.7225322373383891
2.337276 0.7203568396612671
2.3404175 0.7181743327723131
2.343559 0.7159847382107188
2.3467005000000003 0.7137880775856233
2.349842 0.7115843725759021
2.3529835 0.7093736449299508
2.356125 0.7071559164654717
2.3592665 0.7049312090692583
2.3624080000000003 0.7026995446969793
2.3655495 0.7004609453729622
2.368691 0.6982154331899753
2.3718325 0.69596303030901
2.3749740000000004 0.6937037589590618
2.3781155000000003 0.6914376414369122
2.381257 0.6891647001069069
2.3843985 0.686884957400736
2.38754 0.6845984358172122
2.3906815000000003 0.6823051579220493
2.3938230000000003 0.6800051463476398
2.3969645 0.6776984237928301
2.400106 0.6753850130226977
2.4032475 0.6730649368683262
2.4063890000000003 0.6707382182265798
2.4095305000000002 0.668404880059878
2.412672 0.6660649453959679
2.4158135 0.6637184373276979
2.418955 0.6613653790127892
2.4220965000000003 0.6590057936736073
2.4252380000000002 0.6566397045969339
2.4283795 0.6542671351337351
2.431521 0.6518881086989327
2.4346625 0.649502648771172
2.4378040000000003 0.6471107788925905
2.4409455 0.6447125226685864
2.444087 0.6423079037675841
2.4472285 0.6398969459208014
2.45037 0.6374796729220154
2.4535115000000003 0.6350561086273271
2.456653 0.6326262769549276
2.4597945 0.6301902018848595
2.462936 0.6277479074587823
2.4660775000000004 0.6252994177797336
2.4692190000000003 0.6228447570118936
2.4723605 0.6203839493803436
2.475502 0.617917019170829
2.4786435 0.6154439907295187
2.4817850000000004 0.6129648884627653
2.4849265000000003 0.6104797368368646
2.488068 0.6079885603778128
2.4912095 0.6054913836710656
2.494351 0.6029882313612953
2.4974925000000003 0.6004791281521469
2.5006340000000002 0.5979640988059962
2.5037755 0.5954431681437031
2.506917 0.5929163610443678
2.5100585 0.5903837024450855
2.5132000000000003 0.5878452173406992
2.5163415000000002 0.5853009307835548
2.519483 0.5827508678832523
2.5226245 0.5801950538063982
2.525766 0.577633513776358
2.5289075000000003 0.5750662730730058
2.532049 0.5724933570324774
2.5351905 0.5699147910469171
2.538332 0.567330600564229
2.5414735 0.5647408110878256
2.5446150000000003 0.5621454481763755
2.5477565 0.5595445374435525
2.550898 0.5569381045577811
2.5540395 0.5543261752419844
2.5571810000000004 0.5517087752733292
2.5603225000000003 0.5490859304829736
2.563464 0.5464576667558095
2.5666055 0.543824010030209
2.569747 0.5411849862977672
2.5728885000000004 0.5385406216030464
2.5760300000000003 0.53589094204332
2.5791715 0.5332359737683124
2.582313 0.5305757429799433
2.5854545 0.5279102759320677
2.5885960000000003 0.5252395989302173
2.5917375000000002 0.5225637383313421
2.594879 0.5198827205435474
2.5980205 0.5171965720258361
2.601162 0.5145053192878456
2.6043035000000003 0.5118089888895868
2.6074450000000002 0.5091076074411834
2.6105865 0.5064012016026068
2.613728 0.5036897980834142
2.6168695 0.5009734236424854
2.6200110000000003 0.49825210508775786
2.6231525 0.4955258692759635
2.626294 0.49279474311236166
2.6294355 0.4900587535504751
2.632577 0.4873179275918236
2.6357185000000003 0.4845722922856567
2.63886 0.48182187472868887
2.6420015 0.47906670206482954
2.645143 0.47630680148491666
2.6482845000000004 0.4735422002264476
2.6514260000000003 0.4707729255733121
2.6545675 0.4679990048555204
2.657709 0.46522046544893525
2.6608505 0.46243733477500143
2.6639920000000004 0.45964964030047445
2.6671335000000003 0.45685740953715126
2.670275 0.45406067004159634
2.6734165 0.4512594494148713
2.676558 0.4484537753022621
2.6796995000000003 0.4456436753930058
2.6828410000000003 0.4428291774200189
2.6859825 0.4400103091596213
2.689124 0.43718709843126374
2.6922655 0.43435957309725276
2.6954070000000003 0.4315277610624754
2.6985485000000002 0.4286916902741255
2.70169 0.4258513887214254
2.7048315 0.4230068844353512
2.707973 0.420158205488356
2.7111145000000003 0.417305379994092
2.7142560000000002 0.4144484361071353
2.7173975 0.411587402022705
2.720539 0.408722305976387
2.7236805 0.4058531762438546
2.7268220000000003 0.4029800411405893
2.7299635 0.4001029290216028
2.733105 0.397221868281155
2.7362465 0.39433688735247496
2.7393880000000004 0.39144801470747986
2.7425295000000003 0.3885552788564955
2.745671 0.3856587083479724
2.7488125 0.3827583317682059
2.751954 0.37985417774105346
2.7550955000000004 0.3769462749276518
2.7582370000000003 0.3740346520261357
2.7613785 0.37111933777135236
2.76452 0.3682003609345793
2.7676615 0.36527775032324017
2.7708030000000003 0.3623515347806201
2.7739445000000003 0.3594217431855823
2.777086 0.35648840445228114
2.7802275 0.353551547529878
2.783369 0.3506112014022554
2.7865105000000003 0.34766739508773026
2.7896520000000002 0.34472015763876973
2.7927935 0.3417695181417013
2.795935 0.33881550571642793
2.7990765 0.33585814951614
2.8022180000000003 0.33289747872702724
2.8053595000000002 0.3299335225679923
2.808501 0.32696631029036
2.8116425 0.3239958711775902
2.8147840000000004 0.3210222345449882
2.8179255000000003 0.3180454297394167
2.821067 0.315065486139004
2.8242085 0.31208243315285555
2.82735 0.30909630022076356
2.8304915000000004 0.3061071168129156
2.8336330000000003 0.30311491242960587
2.8367745 0.3001197166009413
2.839916 0.29712155888655184
2.8430575 0.29412046887529836
2.8461990000000004 0.2911164761849801
2.8493405000000003 0.28810961046204436
2.852482 0.28509990138129093
2.8556235 0.2820873786455813
2.858765 0.27907207198554496
2.8619065000000004 0.27605401115928546
2.8650480000000003 0.2730332259520886
2.8681895 0.270009746176126
2.871331 0.2669836016701621
2.8744725 0.26395482229925993
2.8776140000000003 0.2609234379544854
2.8807555000000002 0.25788947855261446
2.883897 0.25485297403583473
2.8870385 0.25181395437145226
2.89018 0.24877244955159505
2.8933215000000003 0.2457284895929168
2.8964630000000002 0.24268210453630215
2.8996045 0.2396333244465679
2.902746 0.2365821794121678
2.9058875000000004 0.2335286995448949
2.9090290000000003 0.23047291497958605
2.9121705 0.22741485587382188
2.915312 0.22435455240763091
2.9184535 0.2212920347831913
2.9215950000000004 0.21822733322453233
2.9247365000000003 0.2151604779772379
2.927878 0.21209149930814533
2.9310195 0.20902042750504846
2.934161 0.20594729287639837
2.9373025000000004 0.2028721257510037
2.9404440000000003 0.19979495647773307
2.9435855 0.19671581542521321
2.946727 0.1936347329815306
2.9498685 0.19055173955393145
2.9530100000000004 0.18746686556852105
2.9561515000000003 0.1843801414699652
2.959293 0.18129159772118728
2.9624345 0.17820126480306914
2.965576 0.17510917321415
2.9687175000000003 0.17201535347032512
2.9718590000000003 0.16891983610454608
2.9750005 0.16582265166651708
2.978142 0.16272383072239513
2.9812835 0.1596234038544879
2.9844250000000003 0.15652140166095155
2.9875665000000002 0.15341785475549047
2.990708 0.15031279376705245
2.9938495 0.1472062493395283
2.9969910000000004 0.14409825213144845
3.0001325000000003 0.1409888328156821
3.003274 0.13787802207913205
3.0064155 0.13476585062243338
3.009557 0.1316523491596502
3.0126985000000004 0.12853754841797202
3.0158400000000003 0.12542147913741225
3.0189815 0.12230417207050223
3.022123 0.11918565798198945
3.0252645 0.11606596764853354
3.0284060000000004 0.11294513185840203
3.0315475000000003 0.10982318141116834
3.034689 0.10670014711740511
3.0378305 0.10357605979838193
3.040972 0.1004509502857607
3.0441135000000004 0.09732484942129095
3.0472550000000003 0.09419778805650714
3.0503965 0.09106979705242166
3.053538 0.08794090727922194
3.0566795 0.08481114961596535
3.0598210000000003 0.08168055495027407
3.0629625000000003 0.07854915417803202
3.066104 0.07541697820307719
3.0692455 0.07228405793689857
3.072387 0.06915042429833053
3.0755285000000003 0.06601610821324733
3.0786700000000002 0.06288114061425956
3.0818115 0.05974555244040634
3.084953 0.05660937463685166
3.0880945000000004 0.053472638154578166
3.0912360000000003 0.050335373950083404
3.0943775000000002 0.04719761298507172
3.097519 0.04405938622615041
3.1006605 0.04092072464452372
3.1038020000000004 0.037781659215686714
3.1069435000000003 0.03464222091912137
3.110085 0.03150244073798815
3.1132265 0.02836234965882205
3.116368 0.025221978671226306
3.1195095000000004 0.022081358767566138
3.1226510000000003 0.01894052094266465
3.1257925 0.01579949619349428
3.128934 0.012658315518872672
3.1320755 0.009517009919156305
3.1352170000000004 0.0063756103959340905
3.1383585000000003 0.003234147951723213


0 -0.0005336554675061493
0.0031415 0.0026048315559062257
0.006283 0.005743530796699739
0.0094245 0.00888240935928946
0.012566 0.012021434345162955
0.0157075 0.015160572853263572
0.018849 0.018299791980373424
0.021990500000000003 0.021439058821496874
0.025132 0.02457834047024368
0.0282735 0.027717604019212357
0.031415 0.03085681656037343
0.034556500000000004 0.0339959451854529
0.037698 0.03713495698631546
0.0408395 0.040273819055347916
0.043981000000000006 0.04341249848584245
0.047122500000000005 0.0465509623723801
0.050264 0.04968917781121396
0.0534055 0.052827111900652424
0.056547 0.055964731741442585
0.059688500000000005 0.05910200443715348
0.06283 0.06223889709455918
0.0659715 0.06537537682402199
0.06911300000000001 0.06851141073987566
0.0722545 0.07164696596080826
0.075396 0.07478200961024538
0.07853750000000001 0.07791650881673291
0.081679 0.08105043071431992
0.08482050000000001 0.08418374244294162
0.08796200000000001 0.0873164111488019
0.0911035 0.09044840398475588
0.09424500000000001 0.0935796881106926
0.0973865 0.09671023069391765
0.100528 0.0998399989095348
0.10366950000000001 0.1029689599408291
0.106811 0.10609708097964829
0.10995250000000001 0.1092243292267851
0.113094 0.11235067189235917
0.1162355 0.11547607619619868
0.11937700000000001 0.11860050936822174
0.1225185 0.12172393864881821
0.12566 0.12484633128923088
0.1288015 0.12796765455193648
0.131943 0.13108787571102676
0.1350845 0.13420696205258933
0.13822600000000002 0.13732488087508848
0.1413675 0.1404415994897454
0.144509 0.14355708522091845
0.14765050000000002 0.14667130540648374
0.150792 0.14978422739821476
0.1539335 0.15289581856216164
0.15707500000000002 0.15600604627903156
0.1602165 0.15911487794456766
0.163358 0.1622222809699279
0.16649950000000002 0.1653282227820647
0.16964100000000001 0.16843267082410243
0.1727825 0.1715355925557171
0.17592400000000002 0.17463695545351374
0.17906550000000002 0.17773672701140472
0.182207 0.18083487474098742
0.1853485 0.18393136617192143
0.18849000000000002 0.18702616885230658
0.1916315 0.1901192503490584
0.194773 0.1932105782482864
0.19791450000000002 0.1963001201556699
0.201056 0.19938784369683318
0.2041975 0.20247371651772342
0.20733900000000002 0.20555770628498388
0.21048050000000001 0.20863978068633116
0.213622 0.21171990743092908
0.21676350000000003 0.21479805424976317
0.21990500000000002 0.21787418889601656
0.2230465 0.2209482791454416
0.226188 0.22402029279673585
0.22932950000000002 0.22709019767191402
0.232471 0.230157961616682
0.2356125 0.23322355250080812
0.23875400000000002 0.2362869382184977
0.2418955 0.23934808668876306
0.245037 0.24240696585579669
0.24817850000000002 0.24546354368934092
0.25132 0.24851778818506093
0.2544615 0.25156966736491354
0.257603 0.2546191492775186
0.2607445 0.25766620199852813
0.263886 0.26071079363099586
0.26702750000000003 0.2637528923057466
0.270169 0.26679246618174485
0.2733105 0.26982948344646285
0.27645200000000003 0.2728639123162485
0.2795935 0.2758957210366928
0.282735 0.2789248778829967
0.28587650000000003 0.28195135116033887
0.289018 0.2849751092042393
0.2921595 0.287996120380928
0.29530100000000004 0.29101435308770873
0.2984425 0.29402977575332345
0.301584 0.2970423568383183
0.30472550000000004 0.3000520648354061
0.307867 0.30305886826983014
0.3110085 0.3060627356997287
0.31415000000000004 0.3090636357164949
0.3172915 0.31206153694514144
0.320433 0.3150564080446604
0.32357450000000004 0.31804821770838587
0.326716 0.32103693466435296
0.3298575 0.3240225276756592
0.33299900000000004 0.3270049655408239
0.3361405 0.32998421709414716
0.33928200000000003 0.33296025120606837
0.34242350000000005 0.33593303678352465
0.345565 0.3389025427703083
0.34870650000000003 0.3418687381474239
0.35184800000000005 0.3448315919334448
0.3549895 0.34779107318486946
0.35813100000000003 0.35074715099647663
0.3612725 0.3536997945016793
0.364414 0.3566489728728817
0.36755550000000003 0.3595946553218303
0.370697 0.3625368110999693
0.3738385 0.36547540949879154
0.37698000000000004 0.36841041985019146
0.3801215 0.3713418115268171
0.383263 0.3742695539424199
0.38640450000000004 0.3771936165522067
0.389546 0.3801139688531874
0.3926875 0.3830305803845267
0.39582900000000004 0.38594342072789023
0.3989705 0.3888524595077945
0.402112 0.39175766639195286
0.40525350000000004 0.39465901109162327
0.408395 0.3975564633619541
0.4115365 0.40044999300232975
0.41467800000000005 0.40333956985671476
0.4178195 0.40622516381399976
0.42096100000000003 0.4091067448083431
0.42410250000000005 0.4119842828195158
0.427244 0.41485774787324226
0.43038550000000003 0.41772711004154256
0.43352700000000005 0.4205923394430741
0.4366685 0.4234534062434709
0.43981000000000003 0.42631028065568394
0.44295150000000005 0.4291629329403199
0.446093 0.4320113334059797
0.44923450000000004 0.4348554524095962
0.452376 0.437695260356771
0.4555175 0.44053072770211044
0.45865900000000004 0.44336182494956267
0.4618005 0.44618852265274933
0.464942 0.4490107914153035
0.46808350000000004 0.4518286018912016
0.471225 0.454641924785094
0.4743665 0.4574507308526419
0.47750800000000004 0.46025499090084315
0.4806495 0.46305467578836684
0.483791 0.46584975642588233
0.48693250000000005 0.46864020377638627
0.490074 0.4714259888555333
0.49321550000000003 0.47420708273196305
0.49635700000000005 0.4769834565276268
0.4994985 0.4797550814181134
0.50264 0.48252192863297483
0.5057815 0.48528396945605157
0.508923 0.4880411752257938
0.5120645 0.49079351733558857
0.515206 0.49354096723407775
0.5183475000000001 0.49628349642548336
0.521489 0.49902107646992533
0.5246305 0.5017536789837429
0.527772 0.5044812756398129
0.5309135 0.507203838167869
0.5340550000000001 0.5099213383548181
0.5371965000000001 0.5126337480450591
0.540338 0.515341039140795
0.5434795 0.5180431836023517
0.546621 0.5207401534484905
0.5497625 0.5234319207567218
0.5529040000000001 0.5261184576636184
0.5560455000000001 0.5287997363651247
0.559187 0.5314757291168698
0.5623285 0.5341464082344788
0.56547 0.5368117460938789
0.5686115 0.5394717151316096
0.5717530000000001 0.5421262878451297
0.5748945000000001 0.5447754367931233
0.578036 0.5474191345958067
0.5811775 0.5500573539352341
0.584319 0.5526900675555986
0.5874605 0.5553172482635388
0.5906020000000001 0.5579388689284376
0.5937435000000001 0.5605549024827261
0.596885 0.5631653219221839
0.6000265 0.5657701003062378
0.603168 0.5683692107582609
0.6063095000000001 0.5709626264658699
0.6094510000000001 0.573550320681222
0.6125925 0.5761322667213133
0.615734 0.5787084379682703
0.6188755 0.5812788078696454
0.622017 0.5838433499387108
0.6251585000000001 0.5864020377547497
0.6283000000000001 0.58895484496335
0.6314415 0.591501745276691
0.634583 0.5940427124738353
0.6377245 0.5965777204010182
0.640866 0.5991067429719318
0.6440075000000001 0.6016297541680163
0.6471490000000001 0.6041467280387411
0.6502905 0.6066576387018932
0.653432 0.6091624603438589
0.6565735 0.6116611672199069
0.659715 0.6141537336544702
0.6628565000000001 0.6166401340414289
0.6659980000000001 0.619120342844386
0.6691395 0.6215943345969502
0.672281 0.6240620839030124
0.6754225 0.6265235654370215
0.6785640000000001 0.6289787539442621
0.6817055000000001 0.6314276242411293
0.6848470000000001 0.6338701512154005
0.6879885 0.636306309826511
0.69113 0.638736075105826
0.6942715 0.6411594221569077
0.6974130000000001 0.6435763261557906
0.7005545000000001 0.6459867623512464
0.7036960000000001 0.6483907060650537
0.7068375 0.6507881326922639
0.709979 0.653179017701468
0.7131205 0.6555633366350617
0.7162620000000001 0.6579410651095059
0.7194035000000001 0.6603121788155955
0.722545 0.6626766535187141
0.7256865 0.6650344650591014
0.728828 0.6673855893521061
0.7319695 0.6697300023884508
0.7351110000000001 0.6720676802344836
0.7382525000000001 0.6743985990324406
0.741394 0.6767227350006966
0.7445355 0.67904006443402
0.747677 0.6813505637038283
0.7508185 0.6836542092584381
0.7539600000000001 0.6859509776233186
0.7571015000000001 0.6882408454013386
0.760243 0.690523789273016
0.7633845 0.6927997859967687
0.766526 0.6950688124091579
0.7696675000000001 0.6973308454251355
0.7728090000000001 0.6995858620382878
0.7759505000000001 0.70183383932108
0.779092 0.7040747544250971
0.7822335 0.7063085845812878
0.785375 0.7085353071002
0.7885165000000001 0.7107548993722261
0.7916580000000001 0.7129673388678355
0.7947995000000001 0.7151726031378135
0.797941 0.7173706698134984
0.8010825 0.7195615166070143
0.804224 0.7217451213115043
0.8073655000000001 0.7239214618013641
0.8105070000000001 0.7260905160324734
0.8136485 0.7282522620424232
0.81679 0.7304066779507499
0.8199315 0.7325537419591573
0.823073 0.7346934323517473
0.8262145000000001 0.7368257274952436
0.8293560000000001 0.7389506058392172
0.8324975 0.7410680459163079
0.835639 0.743178026342448
0.8387805 0.7452805258170839
0.8419220000000001 0.7473755231233915
0.8450635000000001 0.7494629971285018
0.8482050000000001 0.7515429267837109
0.8513465 0.7536152911247012
0.854488 0.7556800692717563
0.8576295 0.7577372404299724
0.8607710000000001 0.7597867838894721
0.8639125000000001 0.7618286790256157
0.8670540000000001 0.7638629052992136
0.8701955 0.7658894422567344
0.873337 0.7679082695305102
0.8764785 0.7699193668389472
0.8796200000000001 0.7719227139867304
0.8827615000000001 0.7739182908650255
0.8859030000000001 0.7759060774516868
0.8890445 0.7778860538114543
0.892186 0.7798582000961582
0.8953275 0.7818224965449174
0.8984690000000001 0.7837789234843375
0.9016105000000001 0.7857274613287084
0.904752 0.7876680905801984
0.9078935 0.7896007918290553
0.911035 0.7915255457537921
0.9141765000000001 0.7934423331213832
0.9173180000000001 0.7953511347874573
0.9204595000000001 0.7972519316964829
0.923601 0.799144704881962
0.9267425 0.8010294354666132
0.929884 0.8029061046625608
0.9330255000000001 0.8047746937715191
0.9361670000000001 0.8066351841849747
0.9393085000000001 0.8084875573843722
0.94245 0.8103317949412939
0.9455915 0.8121678785176387
0.948733 0.8139957898658018
0.9518745000000001 0.8158155108288538
0.9550160000000001 0.8176270233407175
0.9581575000000001 0.8194303094263361
0.961299 0.8212253512018595
0.9644405 0.8230121308748048
0.967582 0.8247906307442346
0.9707235000000001 0.8265608332009258
0.9738650000000001 0.8283227207275382
0.9770065000000001 0.830076275898781
0.980148 0.83182148138158
0.9832895 0.8335583199352458
0.9864310000000001 0.835286774411631
0.9895725000000001 0.8370068277552984
0.9927140000000001 0.83871846300368
0.9958555000000001 0.8404216632872401
0.998997 0.8421164118296264
1.0021385 0.8438026919478369
1.00528 0.8454804870523709
1.0084215 0.8471497806473844
1.011563 0.8488105563308436
1.0147045000000001 0.85046279779468
1.017846 0.8521064888249374
1.0209875000000002 0.8537416133019265
1.024129 0.8553681552003692
1.0272705 0.8569860985895472
1.030412 0.8585954276334483
1.0335535 0.8601961265909135
1.0366950000000001 0.8617881798157758
1.0398365 0.863371571757006
1.042978 0.8649462869588509
1.0461195 0.866512310060975
1.049261 0.8680696257985976
1.0524025000000001 0.86961821900263
1.055544 0.8711580745998135
1.0586855000000002 0.872689177612847
1.061827 0.8742115131605281
1.0649685 0.8757250664578792
1.0681100000000001 0.8772298228162825
1.0712515 0.8787257676436055
1.0743930000000002 0.8802128864443277
1.0775345 0.881691164819675
1.080676 0.8831605884677344
1.0838175 0.8846211431835849
1.086959 0.8860728148594196
1.0901005000000001 0.8875155894846634
1.093242 0.8889494531460961
1.0963835000000002 0.8903743920279718
1.099525 0.8917903924121315
1.1026665 0.8931974406781279
1.1058080000000001 0.8945955233033281
1.1089495 0.895984626863037
1.1120910000000002 0.8973647380306068
1.1152325 0.8987358435775454
1.118374 0.9000979303736278
1.1215155 0.9014509853870051
1.124657 0.9027949956843099
1.1277985000000001 0.9041299484307603
1.13094 0.9054558308902674
1.1340815 0.9067726304255377
1.137223 0.9080803344981718
1.1403645 0.9093789306687672
1.1435060000000001 0.9106684065970165
1.1466475 0.9119487500418055
1.1497890000000002 0.9132199488613075
1.1529305 0.9144819910130815
1.156072 0.9157348645541623
1.1592135000000001 0.9169785576411544
1.162355 0.9182130585303246
1.1654965000000002 0.9194383555776889
1.168638 0.9206544372390991
1.1717795 0.9218612920703387
1.174921 0.9230589087271955
1.1780625 0.9242472759655574
1.1812040000000001 0.925426382641487
1.1843455 0.9265962177113097
1.1874870000000002 0.9277567702316906
1.1906285 0.9289080293597102
1.19377 0.9300499843529509
1.1969115000000001 0.9311826245695654
1.200053 0.9323059394683543
1.2031945000000002 0.9334199186088393
1.206336 0.9345245516513371
1.2094775 0.9356198283570293
1.2126190000000001 0.9367057385880304
1.2157605 0.9377822723074578
1.2189020000000002 0.9388494195794979
1.2220435 0.9399071705694749
1.225185 0.940955515543908
1.2283265 0.941994444870584
1.231468 0.9430239490186071
1.2346095000000001 0.9440440185584708
1.237751 0.9450546441621095
1.2408925000000002 0.946055816602957
1.244034 0.9470475267560067
1.2471755 0.9480297655978605
1.2503170000000001 0.9490025242067867
1.2534585 0.9499657937627732
1.2566000000000002 0.9509195655475701
1.2597415 0.9518638309447529
1.262883 0.9527985814397587
1.2660245 0.9537238086199347
1.269166 0.9546395041745943
1.2723075000000001 0.9555456598950467
1.275449 0.9564422676746487
1.2785905000000002 0.9573293195088438
1.281732 0.9582068074952034
1.2848735 0.9590747238334638
1.2880150000000001 0.9599330608255645
1.2911565 0.960781810875686
1.2942980000000002 0.9616209664902822
1.2974395 0.9624505202781148
1.300581 0.9632704649502859
1.3037225000000001 0.964080793320267
1.306864 0.9648814983039318
1.3100055000000002 0.9656725729195846
1.313147 0.9664540102879797
1.3162885 0.9672258036323552
1.31943 0.9679879462784541
1.3225715 0.9687404316545478
1.3257130000000001 0.9694832532914568
1.3288545 0.9702164048225704
1.3319960000000002 0.9709398799838661
1.3351375 0.9716536726139259
1.338279 0.9723577766539575
1.3414205000000001 0.9730521861478046
1.344562 0.9737368952419572
1.3477035000000002 0.9744118981855722
1.350845 0.9750771893304786
1.3539865 0.9757327631311867
1.3571280000000001 0.9763786141449027
1.3602695 0.9770147370315231
1.3634110000000002 0.9776411265536561
1.3665525 0.9782577775766115
1.3696940000000002 0.9788646850684152
1.3728355 0.9794618440998017
1.375977 0.9800492498442176
1.3791185000000001 0.9806268975778233
1.38226 0.9811947826794887
1.3854015000000002 0.9817529006307882
1.388543 0.9823012470159963
1.3916845 0.9828398175220813
1.3948260000000001 0.9833686079387006
1.3979675 0.9838876141581869
1.4011090000000002 0.9843968321755407
1.4042505 0.9848962580884196
1.4073920000000002 0.9853858880971216
1.4105335 0.9858657185045767
1.413675 0.9863357457163237
1.4168165000000001 0.986795966240503
1.419958 0.9872463766878291
1.4230995000000002 0.9876869737715784
1.426241 0.9881177543075632
1.4293825 0.9885387152141127
1.4325240000000001 0.9889498535120489
1.4356655 0.9893511663246606
1.4388070000000002 0.9897426508776819
1.4419485 0.9901243044992599
1.44509 0.9904961246199264
1.4482315000000001 0.9908581087725733
1.451373 0.9912102545924149
1.4545145000000002 0.9915525598169613
1.457656 0.9918850222859795
1.4607975000000002 0.9922076399414615
1.463939 0.9925204108275882
1.4670805 0.9928233330906905
1.4702220000000001 0.9931164049792107
1.4733635 0.9933996248436617
1.4765050000000002 0.9936729911365875
1.4796465 0.9939365024125201
1.482788 0.9941901573279335
1.4859295000000001 0.9944339546411998
1.489071 0.9946678932125416
1.4922125000000002 0.994891972003987
1.495354 0.9951061900793198
1.4984955000000002 0.9953105466040245
1.501637 0.9955050408452386
1.5047785 0.995689672171702
1.5079200000000001 0.9958644400536975
1.5110615 0.9960293440629968
1.5142030000000002 0.9961843838728092
1.5173445 0.996329559257715
1.520486 0.996464870093612
1.5236275000000001 0.996590316357653
1.526769 0.9967058981281868
1.5299105000000002 0.996811615584688
1.533052 0.9969074690077042
1.5361935 0.9969934587787781
1.5393350000000001 0.9970695853803883
1.5424765 0.9971358493958824
1.5456180000000002 0.9971922515093993
1.5487595 0.997238792505809
1.5519010000000002 0.9972754732706361
1.5550425 0.9973022947899823
1.558184 0.997319258150461
1.5613255000000001 0.9973263645391156
1.564467 0.9973236152433438
1.5676085000000002 0.9973110116508237
1.57075 0.9972885552494283
1.5738915 0.9972562476271489
1.5770330000000001 0.9972140904720143
1.5801745 0.9971620855720043
1.5833160000000002 0.9971002348149702
1.5864575 0.9970285401885437
1.5895990000000002 0.9969470037800582
1.5927405000000001 0.9968556277764529
1.595882 0.9967544144641886
1.5990235000000002 0.9966433662291588
1.602165 0.9965224855565918
1.6053065000000002 0.9963917750309662
1.608448 0.996251237335912
1.6115895 0.9961008752541158
1.6147310000000001 0.995940691667228
1.6178725 0.9957706895557612
1.6210140000000002 0.9955908719989934
1.6241555 0.9954012421748704
1.627297 0.995201803359901
1.6304385000000001 0.9949925589290595
1.63358 0.9947735123556739
1.6367215000000002 0.9945446672113328
1.639863 0.9943060271657725
1.6430045000000002 0.9940575959867686
1.646146 0.9937993775400341
1.6492875 0.9935313757891068
1.6524290000000001 0.9932535947952349
1.6555705 0.9929660387172766
1.6587120000000002 0.9926687118115729
1.6618535 0.9923616184318463
1.664995 0.9920447630290794
1.6681365000000001 0.9917181501513971
1.671278 0.9913817844439553
1.6744195000000002 0.9910356706488169
1.677561 0.9906798136048349
1.6807025000000002 0.9903142182475301
1.6838440000000001 0.9899388896089708
1.6869855 0.9895538328176477
1.6901270000000002 0.989159053098352
1.6932685 0.9887545557720455
1.6964100000000002 0.9883403462557422
1.6995515 0.9879164300623683
1.702693 0.987482812800648
1.7058345000000001 0.9870395001749629
1.708976 0.9865864979852211
1.7121175000000002 0.9861238121267355
1.715259 0.9856514485900758
1.7184005 0.9851694134609439
1.7215420000000001 0.9846777129200378
1.7246835 0.9841763532429095
1.7278250000000002 0.9836653407998349
1.7309665 0.9831446820556663
1.7341080000000002 0.9826143835696994
1.7372495000000001 0.9820744519955305
1.740391 0.9815248940809098
1.7435325000000002 0.980965716667607
1.746674 0.980396926691257
1.7498155000000002 0.9798185311812221
1.752957 0.9792305372604415
1.7560985 0.9786329521452856
1.7592400000000001 0.9780257831454064
1.7623815 0.9774090376635891
1.7655230000000002 0.9767827231955968
1.7686645 0.9761468473300239
1.7718060000000002 0.9755014177481425
1.7749475000000001 0.9748464422237437
1.778089 0.9741819286229904
1.7812305000000002 0.9735078849042523
1.784372 0.9728243191179553
1.7875135000000002 0.9721312394064184
1.790655 0.9714286540037006
1.7937965 0.9707165712354349
1.7969380000000001 0.9699949995186686
1.8000795 0.9692639473617006
1.8032210000000002 0.9685234233639215
1.8063625 0.9677734362156413
1.809504 0.9670139946979343
1.8126455000000001 0.9662451076824619
1.815787 0.9654667841313134
1.8189285000000002 0.9646790330968342
1.82207 0.9638818637214516
1.8252115000000002 0.963075285237516
1.8283530000000001 0.9622593069671144
1.8314945 0.9614339383219116
1.8346360000000002 0.9605991888029654
1.8377775 0.9597550680005607
1.8409190000000002 0.9589015855940268
1.8440605 0.9580387513515677
1.847202 0.9571665751300751
1.8503435000000001 0.9562850668749645
1.853485 0.9553942366199768
1.8566265000000002 0.9544940944870144
1.859768 0.9535846506859493
1.8629095000000002 0.9526659155144472
1.8660510000000001 0.9517378993577773
1.8691925 0.950800612688634
1.8723340000000002 0.94985406606695
1.8754755 0.9488982701397046
1.8786170000000002 0.9479332356407463
1.8817585000000001 0.9469589733905965
1.8849 0.9459754942962625
1.8880415000000002 0.944982809351046
1.891183 0.9439809296343596
1.8943245000000002 0.9429698663115224
1.897466 0.9419496306335784
1.9006075000000002 0.9409202339370919
1.9037490000000001 0.9398816876439658
1.9068905 0.9388340032612325
1.9100320000000002 0.9377771923808672
1.9131735 0.9367112666795842
1.9163150000000002 0.9356362379186411
1.9194565000000001 0.934552117943641
1.922598 0.9334589186843267
1.9257395000000002 0.9323566521543843
1.928881 0.931245330451242
1.9320225000000002 0.9301249657558633
1.935164 0.9289955703325425
1.9383055 0.9278571565287047
1.9414470000000001 0.9267097367746993
1.9445885 0.9255533235835871
1.9477300000000002 0.9243879295509436
1.9508715 0.9232135673546363
1.9540130000000002 0.9220302497546338
1.9571545000000001 0.9208379895927779
1.960296 0.9196367997925848
1.9634375000000002 0.91842669335903
1.966579 0.9172076833783345
1.9697205000000002 0.9159797830177501
1.9728620000000001 0.9147430055253486
1.9760035 0.913497364229805
1.9791450000000002 0.9122428725401835
1.9822865 0.9109795439457173
1.9854280000000002 0.9097073920155925
1.9885695 0.9084264303987305
1.9917110000000002 0.9071366728235672
1.9948525000000001 0.9058381330978362
1.997994 0.9045308251083429
2.0011355 0.9032147628207485
2.004277 0.9018899602793428
2.0074185 0.9005564316068223
2.01056 0.8992141910040667
2.0137015000000003 0.8978632527499154
2.016843 0.8965036312009389
2.0199845 0.8951353407912144
2.023126 0.8937583960320976
2.0262675000000003 0.8923728115119952
2.0294090000000002 0.890978601896133
2.0325505 0.8895757819263357
2.035692 0.8881643664207856
2.0388335 0.8867443702737964
2.0419750000000003 0.8853158084555801
2.0451165000000002 0.8838786960120195
2.048258 0.8824330480644259
2.0513995 0.8809788798093133
2.054541 0.8795162065181567
2.0576825000000003 0.8780450435371648
2.060824 0.8765654062870332
2.0639655 0.8750773102627172
2.067107 0.8735807710331891
2.0702485 0.8720758042411975
2.0733900000000003 0.870562425603033
2.0765315 0.8690406509082905
2.079673 0.8675104960196177
2.0828145 0.8659719768724833
2.085956 0.8644251094749341
2.0890975000000003 0.8628699099073469
2.092239 0.8613063943221918
2.0953805 0.8597345789437841
2.098522 0.8581544800680391
2.1016635000000004 0.8565661140622277
2.1048050000000003 0.8549694973647324
2.1079465 0.8533646464847993
2.111088 0.8517515780022835
2.1142295 0.8501303085674143
2.1173710000000003 0.8485008549005395
2.1205125000000002 0.8468632337918709
2.123654 0.8452174621012436
2.1267955 0.8435635567578558
2.129937 0.84190153476003
2.1330785000000003 0.8402314131749459
2.1362200000000002 0.8385532091384015
2.1393615 0.836866939854548
2.142503 0.8351726225956451
2.1456445 0.8334702747018029
2.1487860000000003 0.8317599135807254
2.1519275 0.8300415567074554
2.155069 0.828315221624122
2.1582105 0.8265809259396752
2.161352 0.8248386873296403
2.1644935000000003 0.8230885235358465
2.167635 0.8213304523661774
2.1707765 0.8195644916943102
2.173918 0.8177906594594532
2.1770595 0.8160089736660856
2.1802010000000003 0.8142194523836972
2.1833425 0.812422113746529
2.186484 0.8106169759533071
2.1896255 0.8088040572669831
2.1927670000000004 0.8069833760144675
2.1959085000000003 0.8051549505863685
2.19905 0.8033187994367296
2.2021915 0.8014749410827554
2.205333 0.7996233941045572
2.2084745000000003 0.7977641771448831
2.2116160000000002 0.7958973089088467
2.2147575 0.7940228081636653
2.217899 0.7921406937383936
2.2210405 0.7902509845236467
2.2241820000000003 0.7883536994713447
2.2273235000000002 0.7864488575944287
2.230465 0.7845364779666056
2.2336065 0.7826165797220677
2.236748 0.7806891820552248
2.2398895000000003 0.778754304220434
2.243031 0.7768119655317295
2.2461725 0.7748621853625458
2.249314 0.7729049831454514
2.2524555 0.7709403783718678
2.2555970000000003 0.7689683905918043
2.2587385 0.7669890394135772
2.26188 0.7650023445035414
2.2650215 0.7630083255858086
2.268163 0.7610070024419774
2.2713045000000003 0.758998394910854
2.274446 0.756982522888181
2.2775875 0.7549594063263546
2.280729 0.7529290652341509
2.2838705000000004 0.7508915196764447
2.2870120000000003 0.748846789773939
2.2901535 0.7467948957028788
2.293295 0.7447358576947751
2.2964365 0.7426696960361241
2.2995780000000003 0.7405964310681367
2.3027195000000003 0.7385160831864431
2.305861 0.7364286728408217
2.3090025 0.7343342205349214
2.312144 0.7322327468259691
2.3152855000000003 0.7301242723244984
2.3184270000000002 0.7280088176940627
2.3215685 0.7258864036509548
2.32471 0.7237570509639225
2.3278515 0.7216207804538856
2.3309930000000003 0.719477612993654
2.3341345000000002 0.717327569507642
2.337276 0.7151706709715869
2.3404175 0.7130069384122588
2.343559 0.7108363929071804
2.3467005000000003 0.708659055584344
2.349842 0.7064749476219171
2.3529835 0.7042840902479641
2.356125 0.7020865047401618
2.3592665 0.6998822124255025
2.3624080000000003 0.6976712346800161
2.3655495 0.6954535929284819
2.368691 0.6932293086441363
2.3718325 0.6909984033483889
2.3749740000000004 0.6887608986105352
2.3781155000000003 0.6865168160474637
2.381257 0.6842661773233734
2.3843985 0.6820090041494782
2.38754 0.6797453182837208
2.3906815000000003 0.6774751415304834
2.3938230000000003 0.6751984957403009
2.3969645 0.6729154028095615
2.400106 0.6706258846802267
2.4032475 0.6683299633395332
2.4063890000000003 0.666027660819706
2.4095305000000002 0.6637189991976666
2.412672 0.6614040005947394
2.4158135 0.6590826871763623
2.418955 0.6567550811517968
2.4220965000000003 0.6544212047738271
2.4252380000000002 0.6520810803384804
2.4283795 0.6497347301847248
2.431521 0.6473821766941782
2.4346625 0.6450234422908164
2.4378040000000003 0.6426585494406857
2.4409455 0.6402875206515954
2.444087 0.637910378472838
2.4472285 0.6355271454948876
2.45037 0.6331378443491078
2.4535115000000003 0.6307424977074566
2.456653 0.6283411282821971
2.4597945 0.625933758825595
2.462936 0.6235204121296264
2.4660775000000004 0.6211011110256888
2.4692190000000003 0.6186758783842952
2.4723605 0.6162447371147901
2.475502 0.6138077101650437
2.4786435 0.6113648205211669
2.4817850000000004 0.608916091207201
2.4849265000000003 0.6064615452848408
2.488068 0.6040012058531207
2.4912095 0.6015350960481267
2.494351 0.5990632390427029
2.4974925000000003 0.5965856580461499
2.5006340000000002 0.5941023763039294
2.5037755 0.5916134170973654
2.506917 0.5891188037433536
2.5100585 0.5866185595940587
2.5132000000000003 0.584112708036618
2.5163415000000002 0.5816012724928503
2.519483 0.5790842764189463
2.5226245 0.5765617433051853
2.525766 0.574033696675625
2.5289075000000003 0.5715001600878159
2.532049 0.5689611571324952
2.5351905 0.566416711433291
2.538332 0.5638668466464241
2.5414735 0.561311586460413
2.5446150000000003 0.5587509545957754
2.5477565 0.556184974804728
2.550898 0.5536136708708854
2.5540395 0.5510370666089707
2.5571810000000004 0.5484551858645135
2.5603225000000003 0.5458680525135471
2.563464 0.5432756904623162
2.5666055 0.5406781236469729
2.569747 0.5380753760332887
2.5728885000000004 0.5354674716163419
2.5760300000000003 0.5328544344202331
2.5791715 0.5302362884977752
2.582313 0.5276130579302039
2.5854545 0.524984766826875
2.5885960000000003 0.5223514393249652
2.5917375000000002 0.519713099589176
2.594879 0.5170697718114359
2.5980205 0.5144214802105949
2.601162 0.5117682490321389
2.6043035000000003 0.5091101025478811
2.6074450000000002 0.5064470650556663
2.6105865 0.5037791608790725
2.613728 0.5011064143671143
2.6168695 0.4984288498939437
2.6200110000000003 0.495746491858548
2.6231525 0.4930593646844631
2.626294 0.4903674928194549
2.6294355 0.48767090073524527
2.632577 0.48496961292719637
2.6357185000000003 0.48226365391402215
2.63886 0.47955304823748274
2.6420015 0.4768378204620933
2.645143 0.4741179951748233
2.6482845000000004 0.4713935969847971
2.6514260000000003 0.4686646505230047
2.6545675 0.46593118044198867
2.657709 0.46319321141556297
2.6608505 0.46045076813850383
2.6639920000000004 0.4577038753262591
2.6671335000000003 0.45495255771464865
2.670275 0.4521968400595665
2.6734165 0.44943674713668763
2.676558 0.4466723037411622
2.6796995000000003 0.4439035346873331
2.6828410000000003 0.4411304648084235
2.6859825 0.438353118956252
2.689124 0.4355715220009311
2.6922655 0.4327856988305699
2.6954070000000003 0.42999567435098085
2.6985485000000002 0.4272014734853856
2.70169 0.42440312117411066
2.7048315 0.4216006423743036
2.707973 0.4187940620596249
2.7111145000000003 0.41598340521996346
2.7142560000000002 0.41316869686113245
2.7173975 0.41034996200458246
2.720539 0.4075272256870983
2.7236805 0.40470051296051235
2.7268220000000003 0.4018698488914024
2.7299635 0.3990352585608036
2.733105 0.3961967670639082
2.7362465 0.3933543995097799
2.7393880000000004 0.39050818102104645
2.7425295000000003 0.38765813673362026
2.745671 0.3848042917964011
2.7488125 0.3819466713709721
2.751954 0.3790853006313225
2.7550955000000004 0.3762202047635468
2.7582370000000003 0.3733514089655459
2.7613785 0.37047893844674995
2.76452 0.36760281842781306
2.7676615 0.36472307414032906
2.7708030000000003 0.36183973082653204
2.7739445000000003 0.35895281373901144
2.777086 0.35606234814042154
2.7802275 0.3531683593031815
2.783369 0.35027087250919714
2.7865105000000003 0.3473699130495572
2.7896520000000002 0.344465506224255
2.7927935 0.34155767734188813
2.795935 0.3386464517193776
2.7990765 0.33573185468167366
2.8022180000000003 0.33281391156146123
2.8053595000000002 0.3298926476988859
2.808501 0.3269680884412457
2.8116425 0.3240402591427197
2.8147840000000004 0.3211091851640723
2.8179255000000003 0.3181748918723614
2.821067 0.3152374046406596
2.8242085 0.31229674884776293
2.82735 0.30935294987789846
2.8304915000000004 0.3064060331204473
2.8336330000000003 0.3034560239696519
2.8367745 0.30050294782432757
2.839916 0.2975468300875869
2.8430575 0.2945876961665442
2.8461990000000004 0.29162557147203294
2.8493405000000003 0.2886604814183231
2.852482 0.2856924514228374
2.8556235 0.2827215069058586
2.858765 0.2797476732902603
2.8619065000000004 0.27677097600120704
2.8650480000000003 0.2737914404658866
2.8681895 0.27080909211320964
2.871331 0.2678239563735502
2.8744725 0.2648360586784378
2.8776140000000003 0.26184542446029324
2.8807555000000002 0.2588520791521474
2.883897 0.2558560481873459
2.8870385 0.2528573569992807
2.89018 0.249856031021105
2.8933215000000003 0.24685209568545938
2.8964630000000002 0.24384557642417992
2.8996045 0.24083649866803078
2.902746 0.23782488784641867
2.9058875000000004 0.23481076938711504
2.9090290000000003 0.23179416871598296
2.9121705 0.2287751112566927
2.915312 0.22575362243044744
2.9184535 0.22272972765570578
2.9215950000000004 0.21970345234790675
2.9247365000000003 0.21667482191919052
2.927878 0.21364386177812605
2.9310195 0.2106105973294353
2.934161 0.20757505397371026
2.9373025000000004 0.20453725710715515
2.9404440000000003 0.20149723212129392
2.9435855 0.19845500440271036
2.946727 0.19541059933276758
2.9498685 0.19236404228733545
2.9530100000000004 0.18931535863652582
2.9561515000000003 0.18626457374440655
2.959293 0.18321171296874358
2.9624345 0.18015680166072365
2.965576 0.1770998651646817
2.9687175000000003 0.17404092881783534
2.9718590000000003 0.1709800179500129
2.9750005 0.16791715788338443
2.978142 0.16485237393219232
2.9812835 0.16178569140248228
2.9844250000000003 0.15871713559183903
2.9875665000000002 0.1556467317891118
2.990708 0.1525745052741598
2.9938495 0.14950048131757124
2.9969910000000004 0.14642468518040166
3.0001325000000003 0.14334714211391744
3.003274 0.14026787735932048
3.0064155 0.13718691614748774
3.009557 0.13410428369870392
3.0126985000000004 0.1310200052224056
3.0158400000000003 0.12793410591690527
3.0189815 0.1248466109691438
3.022123 0.12175754555441626
3.0252645 0.11866693483611587
3.0284060000000004 0.11557480396547226
3.0315475000000003 0.1124811780812915
3.034689 0.10938608230969368
3.0378305 0.10628954176385347
3.040972 0.10319158154374447
3.0441135000000004 0.10009222673587836
3.0472550000000003 0.0969915024130463
3.0503965 0.09388943363406074
3.053538 0.09078604544350362
3.0566795 0.08768136287146289
3.0598210000000003 0.08457541093327811
3.0629625000000003 0.08146821462929324
3.066104 0.07835979894459072
3.0692455 0.07525018884874174
3.072387 0.07213940929555489
3.0755285000000003 0.06902748522282023
3.0786700000000002 0.0659144415520566
3.0818115 0.06280030318826074
3.084953 0.0596850950196547
3.0880945000000004 0.056568841917433305
3.0912360000000003 0.05345156873552197
3.0943775000000002 0.05033330031031383
3.097519 0.04721406146043164
3.1006605 0.04409387698647359
3.1038020000000004 0.040972771670763034
3.1069435000000003 0.037850770277111895
3.110085 0.03472789755055872
3.1132265 0.031604178217133704
3.116368 0.02847963698360606
3.1195095000000004 0.025354298537245832
3.1226510000000003 0.02222818754556906
3.1257925 0.019101328656102087
3.128934 0.0159737464961386
3.1320755 0.012845465672491188
3.1352170000000004 0.009716510771248816
3.1383585000000003 0.006586906357544657
